Inst194_LNS_Random.txt
runtime: 749.176801
	VEHICLE
	NUMBER		CAPACITY
	298			150

CUSTOMERS
CUST ID	 XCOORD	 YCOORD	 DEMAND	 START TIME WINDOW	 END TIME WINDOW	 SERVICE TIME

0	10	265	0		0			900			0
1	106	120	20		156			203			21
2	224	436	13		305			358			27
3	58	346	14		619			676			29
4	134	478	11		347			399			22
5	166	281	19		503			551			27
6	99	416	18		635			687			29
7	270	203	38		356			403			24
8	433	251	15		398			447			22
9	14	42	33		391			438			23
10	46	318	12		491			548			24
11	245	476	15		451			508			21
12	246	201	27		486			551			25
13	77	208	17		363			411			22
14	148	439	22		238			285			27
15	121	389	20		272			329			28
16	255	120	45		314			367			25
17	424	232	25		401			447			29
18	226	154	10		533			589			25
19	335	251	48		348			401			23
20	344	121	23		387			439			28
21	221	403	27		305			358			24
22	89	393	36		170			228			26
23	251	29	49		355			407			28
24	302	485	26		351			397			28
25	311	117	17		443			497			24
26	39	411	28		470			517			31
27	89	298	22		668			717			21
28	308	115	16		380			433			26
29	27	155	40		493			542			26
30	314	5	30		384			438			21
31	93	80	33		248			308			30
32	40	45	41		314			372			24
33	360	315	26		373			434			20
34	341	282	30		449			511			28
35	73	217	45		278			330			28
36	216	456	26		254			307			26
37	81	469	11		299			361			25
38	156	67	13		352			402			24
39	311	432	27		326			378			23
40	312	311	17		296			346			22
41	265	37	25		323			370			27
42	198	348	12		231			291			29
43	293	308	11		317			364			21
44	178	150	14		470			518			29
45	327	254	13		332			388			19
46	250	199	22		498			551			26
47	253	96	15		363			409			27
48	130	11	40		331			391			23
49	109	100	10		514			571			29
50	358	258	23		343			398			27
51	315	457	47		436			482			23
52	302	481	12		445			495			27
53	232	234	14		353			401			28
54	18	290	35		581			638			21
55	316	446	28		452			512			28
56	5	398	14		402			459			24
57	403	403	43		398			445			26
58	224	174	30		228			289			29
59	8	93	19		229			290			24
60	138	173	22		501			549			26
61	160	122	15		433			484			23
62	36	176	50		246			309			23
63	277	497	49		439			495			28
64	263	43	39		358			405			23
65	79	120	36		496			546			25
66	215	162	35		547			612			23
67	261	444	36		402			453			24
68	219	160	14		546			609			25
69	42	453	13		475			532			25
70	208	26	14		439			501			30
71	135	462	18		359			406			32
72	125	299	26		286			345			24
73	214	292	25		453			504			28
74	52	166	34		468			527			27
75	134	79	27		258			319			21
76	172	91	47		515			578			29
77	398	170	49		383			438			25
78	338	30	16		379			426			22
79	82	454	25		511			557			34
80	221	193	19		301			363			25
81	161	360	34		469			528			26
82	60	350	21		482			546			25
83	284	422	39		424			486			26
84	85	122	48		291			349			24
85	76	223	32		521			585			27
86	68	488	39		499			557			27
87	187	109	36		343			402			32
88	337	290	49		331			390			19
89	21	364	19		570			621			21
90	205	438	50		336			385			20
91	199	314	41		199			259			25
92	44	313	37		520			578			27
93	311	174	24		353			400			24
94	26	301	26		666			717			28
95	54	481	31		298			358			28
96	219	326	23		456			519			29
97	96	230	12		618			664			29
98	386	128	39		395			453			24
99	230	125	44		552			609			22
100	105	373	40		126			190			25
101	166	356	18		428			486			28
102	299	326	38		319			379			23
103	331	197	29		364			417			25
104	165	68	50		291			353			25
105	148	221	17		595			656			22
106	340	181	40		446			497			27
107	324	257	30		414			473			27
108	278	178	16		311			361			26
109	62	317	44		456			511			31
110	105	338	45		204			255			28
111	82	434	44		282			329			21
112	219	292	36		250			296			27
113	109	80	31		429			491			25
114	28	367	29		240			288			25
115	320	329	21		486			549			26
116	140	57	49		432			483			27
117	316	352	20		425			477			27
118	121	356	20		575			630			31
119	159	283	12		359			407			25
120	313	135	12		461			514			28
121	249	122	25		483			531			26
122	87	416	47		432			485			27
123	152	26	22		471			524			24
124	29	465	36		535			596			22
125	319	163	37		388			441			23
126	42	6	24		424			476			32
127	303	462	10		331			377			32
128	162	90	31		363			424			29
129	171	186	29		547			610			28
130	201	121	16		509			561			28
131	175	70	29		496			551			23
132	214	142	28		226			281			24
133	102	122	32		531			593			22
134	67	282	16		473			528			30
135	28	329	11		494			546			29
136	42	315	50		449			509			32
137	179	412	27		363			420			20
138	255	322	47		495			557			21
139	9	418	20		350			399			26
140	299	181	31		315			379			20
141	99	246	46		169			225			27
142	241	131	42		532			590			28
143	221	354	30		537			602			27
144	43	420	25		150			214			32
145	39	313	45		297			344			28
146	155	142	43		533			581			27
147	101	189	32		218			273			30
148	96	145	10		322			370			27
149	17	363	20		191			249			27
150	368	361	41		400			453			21
151	138	54	37		234			295			24
152	61	295	49		143			201			32
153	9	123	21		170			221			19
154	267	137	28		426			482			27
155	221	396	28		354			402			30
156	332	41	33		404			455			32
157	90	0	10		349			395			26
158	32	304	40		121			172			31
159	13	392	23		394			442			19
160	364	177	14		360			409			21
161	54	485	36		397			446			25
162	30	133	22		638			690			32
163	389	92	23		392			457			21
164	31	464	37		185			245			21
165	87	472	25		311			359			28
166	239	79	28		292			349			26
167	295	143	21		326			374			30
168	97	144	25		597			651			20
169	133	42	48		375			439			26
170	361	450	40		424			476			27
171	151	494	22		265			319			24
172	31	102	42		557			618			28
173	232	229	44		535			588			22
174	118	119	27		558			616			27
175	42	374	36		436			495			26
176	189	15	32		437			490			22
177	83	406	37		633			694			29
178	294	461	21		476			523			26
179	41	225	28		176			226			24
180	221	179	50		493			550			28
181	244	361	22		510			559			30
182	142	252	26		124			187			24
183	179	280	32		149			212			26
184	121	442	41		257			304			34
185	258	96	32		325			373			24
186	176	323	45		326			379			27
187	179	455	15		379			428			22
188	351	115	38		382			434			26
189	24	434	21		370			431			27
190	334	58	29		403			466			30
191	182	150	20		587			652			25
192	85	15	22		397			455			27
193	178	355	21		290			350			31
194	377	246	33		431			484			22
195	61	362	23		385			446			26
196	288	446	32		409			469			30
197	274	495	40		404			455			24
198	67	417	14		449			500			27
199	75	109	30		434			485			29
200	258	131	46		335			399			21
201	86	299	37		602			651			31
202	303	280	16		361			409			31
203	4	372	33		410			465			22
204	398	276	35		369			419			20
205	92	399	45		205			268			29
206	211	308	36		497			547			28
207	112	438	48		526			574			29
208	179	397	25		527			591			28
209	27	29	20		575			625			24
210	76	222	21		737			790			21
211	395	246	48		420			480			31
212	186	9	48		292			346			25
213	316	319	26		428			488			29
214	128	269	39		559			609			24
215	233	141	21		464			512			23
216	268	313	19		325			376			31
217	55	85	49		541			600			25
218	153	418	16		301			349			23
219	28	128	27		197			249			26
220	30	177	42		165			224			26
221	303	49	49		337			396			23
222	284	78	20		408			471			23
223	327	187	50		402			465			21
224	383	128	46		389			444			31
225	99	100	48		202			260			29
226	146	233	46		188			241			26
227	285	186	21		446			496			26
228	37	447	40		354			416			31
229	401	266	10		406			465			25
230	217	43	31		350			414			26
231	380	281	13		365			430			27
232	276	130	38		402			448			19
233	153	93	49		433			487			32
234	110	170	25		131			193			25
235	41	277	47		107			154			26
236	90	148	48		407			459			27
237	366	197	17		418			475			20
238	181	53	45		459			509			29
239	254	393	26		542			596			25
240	202	320	33		192			246			33
241	104	259	15		484			547			22
242	313	200	14		362			411			21
243	186	23	23		471			525			26
244	360	290	19		368			422			31
245	241	398	46		455			506			27
246	189	166	11		378			434			22
247	217	262	34		342			397			24
248	77	159	18		210			266			24
249	208	448	23		531			584			25
250	50	81	36		228			277			27
251	251	438	47		337			389			21
252	239	204	22		366			421			25
253	30	10	33		472			522			26
254	325	221	43		298			354			28
255	10	29	21		500			557			20
256	312	327	46		485			549			22
257	279	264	44		253			310			25
258	28	401	41		201			256			24
259	388	221	42		444			492			23
260	395	268	28		375			436			32
261	142	42	10		516			578			30
262	59	261	27		221			282			25
263	190	83	14		360			418			25
264	134	173	48		351			403			32
265	211	126	27		492			549			28
266	6	331	17		130			192			24
267	273	63	44		472			522			28
268	92	290	32		601			664			31
269	245	163	14		258			317			25
270	205	284	32		427			480			20
271	282	232	20		438			485			32
272	311	453	34		421			483			30
273	419	343	31		390			443			30
274	268	109	25		401			451			22
275	406	309	37		393			440			29
276	136	499	25		322			387			23
277	367	269	18		328			391			22
278	336	249	27		343			402			27
279	217	29	34		393			457			26
280	328	319	36		470			527			31
281	241	97	49		272			323			26
282	129	157	28		489			536			23
283	349	264	22		436			493			22
284	200	483	22		403			467			22
285	242	442	48		369			432			28
286	264	266	29		242			288			28
287	301	249	11		383			445			22
288	327	132	20		334			380			31
289	299	248	46		484			542			26
290	227	329	31		523			586			25
291	230	224	49		198			250			24
292	179	34	30		468			516			18
293	195	106	15		299			351			26
294	12	385	39		266			323			25
295	342	466	24		388			441			24
296	260	293	29		319			367			21
297	156	399	41		394			454			19
298	181	228	22		641			701			23
average service time: 25.778523 - average time window width: 54.902685 - average demand: 29.540268
