Inst36_LNS_Random.txt
runtime: 626.636286
	VEHICLE
	NUMBER		CAPACITY
	378			150

CUSTOMERS
CUST ID	 XCOORD	 YCOORD	 DEMAND	 START TIME WINDOW	 END TIME WINDOW	 SERVICE TIME

0	212	99	0		0			900			0
1	149	151	43		736			782			34
2	74	287	42		588			630			37
3	296	492	34		394			448			28
4	193	429	15		435			483			31
5	200	64	39		458			504			35
6	92	415	43		366			412			30
7	418	217	24		270			318			37
8	266	417	13		350			399			38
9	152	132	16		623			675			30
10	462	72	45		488			539			37
11	498	134	18		512			566			29
12	407	235	16		327			376			30
13	298	181	23		585			639			28
14	16	60	37		474			528			32
15	344	324	38		410			452			34
16	131	165	39		391			435			35
17	172	273	12		539			582			34
18	425	337	21		423			472			34
19	113	55	22		388			431			33
20	1	99	21		193			240			27
21	454	375	28		389			433			34
22	416	202	35		492			537			36
23	2	377	28		394			439			41
24	217	135	41		272			321			35
25	304	181	23		305			356			39
26	429	96	19		487			537			38
27	340	7	40		230			281			36
28	7	119	24		579			631			24
29	185	354	43		550			592			39
30	353	263	43		385			435			37
31	377	18	36		232			275			29
32	113	292	34		407			457			40
33	50	140	32		210			261			27
34	127	337	42		290			341			27
35	497	395	19		389			432			38
36	123	133	25		702			751			30
37	404	413	40		424			478			37
38	139	170	12		430			475			30
39	349	286	33		371			414			39
40	13	133	15		419			466			40
41	369	166	28		299			352			38
42	136	137	16		641			685			34
43	84	268	50		451			497			34
44	32	74	23		163			208			29
45	290	463	28		414			463			35
46	439	311	31		364			407			33
47	352	82	21		437			485			29
48	7	111	29		531			584			28
49	225	153	17		396			443			22
50	366	138	46		264			310			24
51	350	421	43		359			408			37
52	225	187	40		244			296			38
53	329	19	44		204			253			38
54	101	115	20		370			416			36
55	376	33	44		610			654			42
56	38	135	22		337			381			23
57	451	386	35		431			475			29
58	309	21	46		407			453			31
59	21	6	11		266			310			30
60	150	481	32		386			432			40
61	216	220	41		609			652			25
62	122	433	50		373			422			32
63	487	40	46		420			462			30
64	181	301	11		211			256			25
65	88	27	41		274			322			32
66	316	157	50		313			367			31
67	365	168	49		494			541			28
68	154	299	20		575			622			38
69	9	312	10		282			330			29
70	324	437	19		427			471			41
71	161	368	27		403			445			38
72	20	59	37		609			662			36
73	441	278	40		359			409			30
74	91	347	25		440			490			33
75	93	211	13		494			545			34
76	85	98	35		182			227			37
77	54	458	24		389			440			33
78	409	232	22		359			413			31
79	472	127	33		249			297			28
80	276	191	36		254			300			25
81	294	265	35		379			423			25
82	420	404	33		440			490			31
83	367	385	42		320			363			26
84	30	275	42		423			465			30
85	98	429	30		464			512			35
86	415	113	19		456			508			39
87	20	331	21		480			531			31
88	209	381	27		498			543			32
89	388	320	18		297			351			30
90	305	297	48		529			576			34
91	386	416	41		372			423			36
92	16	410	22		434			481			32
93	126	25	13		192			246			25
94	245	479	20		414			468			32
95	60	104	30		385			433			30
96	421	186	14		377			424			33
97	243	96	14		482			528			37
98	173	305	21		486			533			29
99	357	348	49		431			483			35
100	478	15	39		440			492			30
101	248	167	27		152			196			32
102	322	429	44		462			511			34
103	444	225	25		424			473			33
104	133	59	14		108			162			31
105	322	400	29		403			446			37
106	288	93	46		638			682			30
107	98	13	36		363			412			26
108	152	357	27		374			416			25
109	175	123	15		103			148			32
110	41	330	28		480			529			29
111	60	122	23		505			557			28
112	230	227	29		305			350			38
113	191	438	28		417			467			27
114	94	405	39		490			541			30
115	208	194	37		493			544			38
116	297	14	20		146			189			39
117	44	215	13		211			258			34
118	224	69	13		295			349			35
119	400	227	37		232			274			31
120	165	88	35		360			404			39
121	410	174	27		326			372			34
122	45	151	23		216			264			30
123	262	192	40		513			566			35
124	256	392	11		480			532			40
125	482	177	19		437			480			36
126	159	205	15		502			547			43
127	103	370	26		438			484			39
128	306	23	47		282			326			36
129	421	194	35		454			506			34
130	198	316	29		399			444			32
131	442	378	31		421			471			29
132	203	406	26		293			341			35
133	414	459	26		396			444			36
134	227	82	12		19			73			30
135	385	43	13		278			326			33
136	379	119	18		643			692			27
137	217	489	10		402			447			29
138	271	168	42		602			656			23
139	489	288	11		313			358			34
140	57	345	39		442			491			20
141	269	342	13		395			449			34
142	6	253	20		560			602			33
143	395	390	19		359			401			36
144	43	172	28		633			676			34
145	69	196	14		428			480			35
146	404	329	18		347			395			33
147	292	57	18		559			610			31
148	205	161	23		544			589			40
149	243	357	50		287			331			31
150	367	155	12		344			395			34
151	44	232	20		270			320			37
152	75	396	17		484			526			26
153	232	101	45		414			466			28
154	281	5	18		625			671			32
155	273	373	28		511			561			33
156	102	35	43		140			183			36
157	210	77	44		275			319			37
158	59	481	22		408			460			27
159	449	410	15		386			436			29
160	187	440	19		389			442			33
161	217	239	14		402			456			27
162	169	468	38		356			398			31
163	308	171	43		265			311			35
164	323	463	46		359			410			33
165	230	60	29		554			603			29
166	135	221	15		503			554			31
167	427	63	49		376			422			34
168	319	116	11		258			302			35
169	129	335	42		369			411			30
170	335	315	34		331			374			39
171	396	134	38		470			522			38
172	160	457	17		435			486			28
173	247	318	14		268			316			29
174	437	252	46		298			348			29
175	401	298	13		335			389			37
176	202	167	15		246			290			38
177	115	183	38		542			587			26
178	6	190	25		331			383			38
179	144	242	48		183			230			36
180	304	34	18		616			661			39
181	127	136	17		511			556			32
182	7	127	30		367			415			38
183	10	207	48		370			412			35
184	333	99	29		674			724			27
185	111	183	23		534			584			25
186	40	67	34		582			629			27
187	382	288	10		445			497			30
188	221	236	34		445			487			37
189	16	62	18		187			233			36
190	249	25	36		449			493			36
191	43	252	37		356			406			32
192	173	316	41		302			349			36
193	110	194	24		261			308			26
194	67	50	28		491			537			26
195	48	207	36		234			277			37
196	107	17	17		617			671			36
197	469	206	46		292			340			33
198	351	191	36		214			267			33
199	90	16	37		589			637			24
200	237	361	12		489			538			36
201	392	445	39		383			428			29
202	170	413	42		311			361			33
203	148	403	26		453			495			40
204	0	441	24		399			447			30
205	193	107	30		655			707			39
206	178	114	38		239			288			21
207	305	168	49		304			348			22
208	478	67	40		325			370			21
209	430	161	35		266			319			42
210	309	102	42		534			588			33
211	403	362	32		357			408			32
212	270	489	34		389			441			36
213	131	0	20		666			709			29
214	480	303	19		368			413			30
215	462	139	17		497			544			34
216	243	341	50		498			545			26
217	315	28	20		324			369			26
218	301	470	48		376			430			37
219	468	398	32		386			428			30
220	27	205	46		448			490			31
221	245	191	34		499			549			39
222	400	354	40		315			368			31
223	41	385	43		313			355			25
224	144	486	28		375			423			41
225	145	1	29		618			672			33
226	106	236	40		171			216			32
227	20	429	30		394			443			35
228	88	146	34		666			718			30
229	13	113	28		288			334			31
230	115	476	33		363			416			37
231	492	221	39		398			449			29
232	265	239	37		474			521			36
233	146	155	13		236			284			31
234	136	309	31		263			315			36
235	144	271	22		188			237			24
236	494	301	32		377			427			29
237	352	204	35		421			464			28
238	196	197	46		578			624			27
239	450	349	32		439			492			36
240	322	81	49		456			505			36
241	129	145	31		153			197			34
242	303	475	30		380			427			39
243	456	296	45		324			376			32
244	13	65	29		344			398			24
245	151	376	45		378			426			21
246	324	69	49		300			345			38
247	184	415	34		464			509			30
248	447	57	20		338			392			33
249	113	60	20		126			168			27
250	200	493	28		418			468			26
251	226	63	30		296			349			28
252	362	219	43		194			245			29
253	38	180	34		251			305			31
254	4	123	16		281			328			41
255	72	245	37		501			545			39
256	459	254	21		503			545			24
257	23	178	10		239			284			36
258	121	110	40		419			462			31
259	476	46	27		384			437			26
260	239	307	48		591			639			35
261	304	237	35		532			576			25
262	207	40	10		391			437			42
263	205	209	18		575			626			36
264	151	66	42		636			680			26
265	156	482	50		415			462			24
266	379	387	30		370			414			28
267	129	333	42		383			435			37
268	258	389	31		527			574			32
269	290	354	26		312			355			39
270	72	86	47		380			426			28
271	249	465	19		390			434			23
272	435	406	16		375			424			36
273	258	245	24		516			561			27
274	350	153	10		439			484			45
275	30	353	49		397			450			41
276	339	266	10		513			559			44
277	118	388	32		383			433			26
278	120	436	44		368			421			30
279	150	499	46		402			446			39
280	216	450	44		423			469			27
281	233	434	10		369			412			31
282	256	384	25		398			445			34
283	317	215	42		231			277			39
284	232	121	24		474			517			35
285	344	56	49		268			313			32
286	39	124	15		296			348			27
287	235	395	37		318			369			32
288	199	352	24		258			300			32
289	122	229	43		497			546			37
290	437	331	46		491			541			23
291	27	288	22		269			311			43
292	380	163	24		340			392			28
293	459	40	46		335			382			27
294	461	97	42		532			577			29
295	122	47	17		655			701			32
296	480	107	15		489			533			25
297	476	307	41		334			384			40
298	418	392	48		371			421			29
299	435	449	40		390			444			33
300	353	276	28		301			350			30
301	176	393	29		283			331			31
302	64	160	37		213			256			30
303	216	224	43		362			405			27
304	68	31	50		250			298			29
305	250	301	34		248			298			25
306	30	280	11		332			381			33
307	137	335	15		317			370			31
308	363	217	46		539			585			36
309	58	40	26		399			452			35
310	109	448	17		339			391			29
311	320	129	36		456			505			34
312	224	259	14		436			479			33
313	14	108	11		563			610			39
314	322	210	19		282			325			36
315	221	204	12		114			157			28
316	389	270	37		512			559			34
317	438	415	37		399			446			22
318	32	60	50		622			667			33
319	236	127	45		591			635			31
320	93	410	31		451			495			37
321	107	301	25		525			570			31
322	62	176	47		565			608			37
323	250	463	30		428			480			38
324	321	153	21		469			523			35
325	284	107	26		715			759			38
326	372	74	45		611			664			28
327	214	93	33		101			150			33
328	462	413	27		381			433			29
329	119	268	30		308			360			25
330	177	6	46		668			721			40
331	56	359	44		305			347			24
332	288	172	34		486			535			27
333	324	22	19		323			375			36
334	293	92	46		549			600			35
335	27	36	44		367			415			31
336	305	389	46		378			427			40
337	500	76	42		268			319			36
338	401	465	16		416			462			26
339	118	84	21		188			237			35
340	387	151	29		645			687			25
341	72	171	18		240			288			29
342	241	467	27		433			485			36
343	100	168	18		462			509			35
344	294	149	17		357			406			26
345	50	475	33		397			444			31
346	188	266	26		239			291			31
347	324	49	17		491			534			27
348	465	99	36		472			526			37
349	480	330	41		400			448			36
350	250	188	38		249			294			40
351	142	470	18		387			435			33
352	129	48	48		251			303			35
353	291	352	31		475			519			33
354	230	151	17		700			753			36
355	345	36	39		456			506			26
356	54	120	24		262			315			27
357	373	486	17		397			441			37
358	155	272	29		402			453			33
359	254	36	46		467			520			37
360	120	155	25		375			427			31
361	116	396	13		386			436			27
362	440	138	21		518			565			42
363	86	363	49		304			357			35
364	253	285	18		211			262			21
365	220	41	11		243			297			30
366	247	88	32		639			687			29
367	166	150	23		335			381			37
368	61	346	25		323			374			41
369	102	17	46		522			570			41
370	441	348	47		401			453			34
371	44	24	21		337			389			29
372	218	105	13		553			599			37
373	95	128	31		192			244			31
374	143	84	42		115			160			36
375	56	346	34		283			327			24
376	348	441	41		370			416			40
377	43	237	37		199			246			31
378	441	155	14		284			329			34
average service time: 32.417989 - average time window width: 47.907407 - average demand: 30.039683
