Inst131_LNS_Random.txt
runtime: 604.832648
	VEHICLE
	NUMBER		CAPACITY
	198			150

CUSTOMERS
CUST ID	 XCOORD	 YCOORD	 DEMAND	 START TIME WINDOW	 END TIME WINDOW	 SERVICE TIME

0	124	121	0		0			900			0
1	324	403	16		324			372			36
2	258	435	44		394			470			39
3	324	187	41		492			525			33
4	406	66	41		358			416			33
5	63	417	31		432			466			39
6	328	369	31		378			439			37
7	450	42	35		348			416			37
8	161	181	39		62			133			38
9	476	89	13		375			441			33
10	82	427	21		409			481			32
11	284	183	38		412			459			39
12	483	131	29		363			432			38
13	86	358	41		391			427			32
14	310	34	23		555			619			37
15	294	405	41		448			524			37
16	15	126	12		248			281			34
17	350	166	15		299			363			35
18	214	456	39		356			392			34
19	72	114	29		373			420			35
20	270	34	41		513			590			37
21	170	333	31		551			589			38
22	125	57	20		640			695			35
23	354	368	33		319			366			30
24	430	36	29		389			433			36
25	214	70	26		519			582			34
26	223	235	38		629			662			34
27	242	236	26		195			234			35
28	76	218	22		617			697			38
29	293	434	37		387			445			38
30	278	443	18		418			472			34
31	423	197	25		356			395			34
32	216	338	29		256			336			32
33	288	37	15		457			518			33
34	261	110	23		393			471			37
35	67	122	39		593			668			38
36	62	479	48		399			473			37
37	426	108	21		289			343			33
38	351	25	40		457			492			35
39	126	222	24		554			618			34
40	215	120	41		506			553			35
41	21	125	44		242			278			36
42	163	152	25		234			305			39
43	378	265	17		406			440			33
44	416	391	43		427			464			35
45	38	412	15		339			382			39
46	98	182	31		465			520			38
47	132	80	13		708			745			37
48	339	371	16		325			393			32
49	384	224	11		288			324			30
50	358	210	33		307			378			31
51	158	353	24		532			566			32
52	475	171	34		354			410			33
53	6	403	38		432			482			36
54	234	129	43		190			244			39
55	462	321	20		382			429			40
56	291	366	49		488			566			35
57	148	404	15		511			579			36
58	183	370	26		422			491			34
59	340	255	23		236			276			39
60	348	373	35		415			492			35
61	241	87	18		449			488			36
62	202	326	39		481			527			36
63	57	26	21		122			185			38
64	107	316	39		271			330			33
65	442	157	50		372			427			35
66	342	97	33		355			413			38
67	32	122	26		708			748			34
68	109	298	37		253			308			33
69	400	261	41		367			400			30
70	396	50	23		472			517			34
71	109	357	18		246			315			32
72	207	293	49		366			439			31
73	423	385	10		404			440			36
74	219	3	22		390			459			36
75	40	116	19		131			200			33
76	101	350	48		483			538			37
77	286	296	30		378			441			37
78	327	97	25		592			659			35
79	8	481	13		344			420			35
80	370	6	50		390			432			38
81	270	300	13		373			433			38
82	272	81	13		196			232			35
83	420	198	39		361			408			36
84	364	348	40		385			454			34
85	292	377	39		477			549			36
86	96	421	36		443			501			37
87	363	326	21		461			506			36
88	54	129	42		628			692			37
89	296	191	45		210			242			35
90	359	196	43		382			453			40
91	59	264	18		560			598			35
92	411	140	40		294			372			33
93	296	15	23		517			585			35
94	169	165	35		622			692			35
95	147	481	33		333			398			34
96	109	72	27		241			297			36
97	62	31	39		306			350			34
98	331	209	27		525			568			37
99	431	175	37		404			458			32
100	488	158	21		418			494			35
101	355	164	37		393			467			38
102	283	426	24		418			460			40
103	7	109	15		154			215			37
104	279	96	32		200			241			36
105	131	50	39		236			276			34
106	92	469	42		345			389			36
107	206	229	47		120			170			38
108	269	254	50		520			600			34
109	127	5	31		557			614			34
110	198	421	14		300			366			31
111	327	203	25		519			559			36
112	153	447	13		303			364			37
113	4	317	33		246			304			30
114	222	325	36		364			401			33
115	44	76	17		71			150			35
116	424	287	49		365			442			33
117	41	270	32		305			352			37
118	8	158	28		427			506			34
119	151	308	12		384			429			36
120	428	319	15		355			397			34
121	379	151	13		298			355			34
122	138	466	50		340			398			33
123	314	378	29		450			513			39
124	160	204	38		380			431			37
125	397	4	40		450			493			33
126	207	70	32		511			581			31
127	154	261	19		164			235			31
128	185	72	21		334			411			36
129	61	121	45		535			573			37
130	452	351	14		381			435			30
131	397	125	43		260			317			35
132	269	96	21		462			504			40
133	323	34	48		338			387			32
134	220	279	35		273			322			38
135	477	159	28		371			445			35
136	360	52	40		522			580			38
137	469	220	21		365			426			32
138	22	146	24		105			138			34
139	119	214	41		572			638			35
140	159	69	15		711			765			31
141	358	355	15		341			418			31
142	94	456	38		428			502			33
143	60	497	18		438			471			31
144	69	348	50		431			508			36
145	13	469	19		447			498			36
146	337	261	39		309			368			32
147	383	91	16		386			462			36
148	82	199	42		517			594			35
149	165	376	50		392			472			38
150	168	299	11		296			374			36
151	61	436	32		387			423			32
152	319	195	22		291			323			36
153	214	370	24		431			484			40
154	416	68	41		477			534			39
155	7	288	46		613			655			33
156	44	494	13		402			443			32
157	397	264	45		389			433			39
158	329	320	48		448			506			30
159	36	126	46		115			168			34
160	186	386	38		472			540			33
161	450	209	21		461			493			33
162	175	471	42		373			447			36
163	355	179	12		334			402			32
164	208	156	37		721			772			30
165	350	370	36		357			413			32
166	126	126	17		686			737			38
167	248	60	41		669			715			36
168	84	357	11		216			274			33
169	105	427	21		467			545			39
170	456	287	35		360			427			37
171	129	33	31		125			166			34
172	266	437	26		380			413			37
173	10	73	38		366			418			37
174	113	388	43		302			334			36
175	458	295	40		351			415			36
176	61	18	43		194			227			35
177	135	243	48		671			727			34
178	268	34	10		443			499			36
179	10	193	27		569			615			35
180	492	218	49		411			455			38
181	28	165	19		107			173			34
182	494	210	40		372			411			35
183	25	9	19		240			301			36
184	94	332	24		493			541			31
185	408	53	28		522			560			34
186	259	368	15		505			547			30
187	377	250	36		467			547			31
188	365	135	35		341			399			37
189	53	0	13		118			186			34
190	409	320	42		336			400			32
191	43	401	36		290			338			32
192	391	314	46		436			478			35
193	47	183	15		280			358			31
194	239	126	23		118			186			35
195	291	130	17		382			450			35
196	447	31	42		369			447			36
197	153	135	50		560			602			35
198	431	142	22		506			545			37
average service time: 35.005051 - average time window width: 55.803030 - average demand: 30.368687
