Inst139_LNS_Random.txt
runtime: 300.749476
	VEHICLE
	NUMBER		CAPACITY
	275			150

CUSTOMERS
CUST ID	 XCOORD	 YCOORD	 DEMAND	 START TIME WINDOW	 END TIME WINDOW	 SERVICE TIME

0	89	286	0		0			900			0
1	10	108	16		267			326			24
2	3	169	49		190			216			25
3	190	74	17		359			400			27
4	338	376	24		341			368			24
5	451	291	49		414			447			25
6	297	400	29		509			558			25
7	335	357	22		562			587			24
8	18	457	36		644			677			26
9	184	459	17		524			560			23
10	151	264	18		93			123			24
11	257	286	10		484			528			28
12	178	294	20		202			255			23
13	288	107	13		511			565			26
14	275	135	32		293			320			23
15	111	222	17		286			346			25
16	31	137	41		286			319			24
17	192	408	46		388			410			25
18	92	263	46		371			417			26
19	11	300	15		354			405			25
20	97	469	49		368			412			29
21	27	140	20		394			437			23
22	429	216	11		413			462			27
23	320	178	43		388			418			24
24	379	35	25		415			459			25
25	35	90	27		571			621			23
26	184	391	32		521			576			25
27	418	422	20		432			457			24
28	82	9	27		349			371			26
29	257	253	42		186			244			27
30	229	330	40		557			615			23
31	163	48	11		231			273			24
32	48	72	21		294			333			25
33	263	429	31		408			460			26
34	379	122	48		496			540			27
35	395	103	10		461			519			25
36	398	382	38		494			531			23
37	401	202	28		341			387			26
38	176	22	22		328			359			27
39	137	241	17		583			609			26
40	280	97	21		367			415			28
41	245	192	19		602			628			26
42	141	370	43		451			476			28
43	306	384	45		476			520			23
44	290	479	47		526			582			26
45	109	473	48		311			355			26
46	51	290	39		615			674			28
47	160	37	47		496			531			26
48	137	321	34		640			689			24
49	106	344	21		45			82			28
50	81	59	25		521			555			26
51	443	189	33		420			467			23
52	368	143	25		444			488			28
53	261	124	24		541			563			24
54	393	176	44		357			410			24
55	139	408	13		525			569			27
56	370	46	26		446			492			24
57	403	420	30		351			405			26
58	199	324	35		437			481			26
59	159	222	21		641			699			24
60	243	435	35		458			518			27
61	350	498	39		379			439			29
62	221	15	21		381			439			27
63	20	334	48		448			488			23
64	135	451	22		282			331			26
65	453	453	34		414			461			25
66	279	97	37		440			482			25
67	356	211	11		315			375			28
68	345	489	32		323			369			26
69	151	96	10		397			451			28
70	434	162	12		450			477			25
71	16	203	37		391			435			24
72	257	330	41		389			419			30
73	300	416	49		368			393			24
74	454	132	41		400			424			22
75	113	277	39		15			68			28
76	208	452	19		204			234			26
77	184	187	25		454			511			25
78	1	324	31		280			331			22
79	84	96	13		548			582			25
80	85	419	36		236			270			28
81	389	424	31		417			440			23
82	65	50	30		313			357			24
83	485	281	16		426			468			29
84	216	164	41		349			399			24
85	217	129	10		205			249			28
86	68	451	22		487			532			24
87	108	393	28		702			729			28
88	85	245	46		347			398			27
89	24	101	39		355			405			27
90	107	22	26		395			424			26
91	115	20	15		496			556			27
92	14	107	49		378			432			27
93	224	16	33		323			353			23
94	339	494	29		405			460			24
95	356	498	43		422			466			22
96	138	260	14		490			542			26
97	82	325	34		194			233			26
98	407	220	47		366			417			24
99	135	334	27		187			241			25
100	151	49	14		355			381			22
101	356	477	38		350			379			25
102	283	409	42		363			405			29
103	190	150	43		327			353			27
104	137	254	30		57			116			24
105	344	486	11		473			532			27
106	422	308	29		333			378			27
107	147	437	26		626			673			25
108	413	106	22		460			487			23
109	142	366	46		119			151			25
110	9	7	39		464			503			25
111	412	351	30		392			435			27
112	35	391	14		180			236			25
113	296	391	17		353			382			25
114	147	67	45		217			256			22
115	351	35	39		453			490			24
116	312	446	23		309			367			28
117	463	411	43		411			439			25
118	59	12	13		541			570			28
119	62	490	14		358			408			23
120	180	207	30		259			296			24
121	139	204	31		417			442			26
122	135	264	37		29			79			25
123	254	290	50		183			240			28
124	330	108	28		533			573			23
125	159	71	47		476			499			23
126	232	303	26		539			595			28
127	296	422	34		375			406			25
128	7	445	26		180			226			25
129	346	44	11		340			370			27
130	93	417	26		565			588			22
131	173	50	33		448			474			27
132	483	174	37		397			454			26
133	298	429	15		321			354			27
134	44	443	31		417			442			25
135	270	417	37		272			330			29
136	380	65	45		454			504			24
137	112	478	11		232			264			25
138	247	51	29		426			469			25
139	106	28	24		558			599			26
140	409	202	44		469			529			25
141	1	333	34		259			300			26
142	107	243	36		292			347			25
143	397	338	50		436			480			25
144	400	72	35		391			414			26
145	130	50	20		402			454			25
146	457	172	20		364			408			26
147	76	2	20		383			414			25
148	445	80	42		396			429			30
149	194	106	27		324			359			24
150	47	190	45		342			396			25
151	438	314	33		426			462			27
152	171	419	25		482			519			28
153	39	245	12		568			616			29
154	338	3	17		381			419			26
155	68	476	43		401			423			23
156	189	456	26		383			434			26
157	261	205	21		563			606			27
158	25	341	28		441			487			24
159	407	43	18		394			447			29
160	40	344	35		85			129			26
161	407	79	32		438			469			24
162	204	354	45		358			388			24
163	201	256	24		184			206			28
164	269	458	33		456			516			24
165	201	466	26		204			254			27
166	237	494	46		554			603			27
167	14	233	28		92			125			27
168	338	195	41		287			335			24
169	368	165	32		309			357			25
170	163	438	14		581			638			27
171	90	66	34		477			530			28
172	378	500	15		367			419			27
173	98	344	40		522			560			25
174	395	299	32		392			420			26
175	274	130	10		587			609			27
176	457	315	48		374			409			23
177	142	100	18		229			282			27
178	167	155	11		621			663			24
179	276	246	12		180			237			28
180	417	263	14		433			484			22
181	5	141	27		145			188			27
182	422	421	22		362			393			25
183	195	347	17		229			285			26
184	150	103	10		307			364			28
185	190	180	12		490			520			26
186	256	105	23		250			296			28
187	324	336	25		345			373			28
188	37	6	32		517			551			23
189	348	418	23		361			406			26
190	109	45	24		272			325			25
191	431	435	34		455			502			24
192	317	293	29		586			613			25
193	294	84	33		280			311			28
194	75	140	46		318			345			27
195	14	116	14		387			434			26
196	180	489	29		353			407			23
197	128	293	18		457			491			27
198	231	53	48		418			445			24
199	311	451	48		463			501			25
200	140	232	16		411			452			26
201	386	302	47		303			350			25
202	85	42	20		381			427			26
203	6	186	20		700			733			25
204	426	176	35		381			406			27
205	25	445	43		620			679			27
206	463	478	28		408			446			26
207	75	134	31		439			470			29
208	130	40	13		492			544			26
209	208	14	34		386			426			22
210	401	331	28		454			514			26
211	10	444	29		436			460			25
212	185	89	10		400			446			23
213	33	291	43		173			218			23
214	201	139	45		555			584			23
215	62	293	48		694			717			24
216	23	428	48		626			686			25
217	22	107	46		468			523			25
218	39	76	43		287			344			23
219	171	452	13		209			242			24
220	170	86	45		607			654			24
221	249	78	50		454			488			23
222	105	223	21		187			210			23
223	439	213	12		335			386			26
224	237	207	50		522			576			25
225	300	390	38		451			493			26
226	227	132	37		405			439			27
227	452	422	25		430			459			26
228	103	438	27		259			292			29
229	143	109	36		624			661			24
230	223	142	26		487			540			26
231	328	137	15		539			590			24
232	41	306	29		306			366			26
233	18	8	30		472			531			24
234	211	43	28		447			497			28
235	152	120	30		331			385			24
236	319	472	41		389			445			26
237	83	57	36		276			299			26
238	50	145	43		316			353			29
239	42	24	14		319			374			25
240	269	467	28		533			587			23
241	129	38	16		393			449			28
242	261	145	30		414			441			25
243	190	309	24		428			477			29
244	230	342	44		661			707			26
245	22	433	28		224			272			26
246	198	50	36		531			563			27
247	59	105	23		591			638			26
248	249	387	17		361			390			26
249	7	378	14		444			477			26
250	486	385	38		418			448			26
251	66	452	49		273			300			25
252	318	221	37		429			463			27
253	48	457	46		267			309			24
254	340	407	23		413			470			29
255	207	312	27		110			142			25
256	254	170	12		303			346			25
257	403	118	10		461			498			24
258	339	431	46		282			316			25
259	12	197	12		150			208			29
260	156	213	46		620			658			28
261	197	19	19		310			341			25
262	55	168	27		304			343			24
263	4	316	45		480			540			24
264	136	53	23		555			583			24
265	387	85	44		441			501			23
266	470	160	10		409			443			27
267	221	213	32		218			266			26
268	360	186	20		351			396			27
269	103	359	42		608			641			26
270	200	375	34		607			645			26
271	219	80	38		448			501			26
272	222	448	45		292			340			23
273	46	132	44		164			213			26
274	34	341	48		224			283			27
275	458	257	25		461			492			28
average service time: 25.560000 - average time window width: 42.043636 - average demand: 29.789091
