Inst2_LNS_Random.txt
runtime: 1249.857404
	VEHICLE
	NUMBER		CAPACITY
	225			150

CUSTOMERS
CUST ID	 XCOORD	 YCOORD	 DEMAND	 START TIME WINDOW	 END TIME WINDOW	 SERVICE TIME

0	475	24	0		0			900			0
1	350	235	39		499			526			31
2	198	141	20		285			314			29
3	277	352	10		444			482			29
4	346	364	24		361			403			33
5	421	286	29		282			332			28
6	388	113	22		487			528			28
7	239	51	25		514			562			31
8	445	16	35		147			176			28
9	235	188	37		353			398			30
10	277	3	34		505			549			32
11	349	282	43		529			575			31
12	285	22	45		605			657			31
13	139	283	47		420			445			30
14	328	142	39		234			257			32
15	295	20	18		615			666			29
16	268	94	13		504			529			30
17	257	36	26		461			508			31
18	358	341	39		375			411			30
19	128	218	33		415			442			30
20	470	40	29		563			599			29
21	160	57	11		306			334			33
22	396	170	12		399			440			33
23	390	14	10		267			290			29
24	397	327	22		381			431			33
25	491	396	46		446			490			33
26	188	72	34		366			396			30
27	453	324	31		416			441			32
28	182	89	49		347			395			31
29	191	69	39		441			478			33
30	374	129	49		665			698			31
31	220	295	14		382			408			30
32	325	224	48		322			354			29
33	227	275	42		455			491			34
34	491	183	47		527			550			31
35	334	210	30		509			539			32
36	327	284	23		396			442			33
37	401	291	35		388			413			30
38	186	214	32		341			393			30
39	335	132	47		499			536			31
40	424	165	31		166			204			29
41	482	296	26		547			588			30
42	462	405	47		410			442			30
43	404	255	26		314			337			33
44	397	68	39		336			368			30
45	296	258	25		497			520			30
46	296	182	27		387			430			31
47	377	20	37		428			455			30
48	332	21	42		374			426			30
49	388	167	28		334			358			34
50	352	155	44		446			472			32
51	154	149	15		407			436			31
52	236	32	34		293			332			31
53	445	23	29		118			159			28
54	158	198	26		446			482			31
55	141	57	38		322			349			30
56	373	403	13		404			451			31
57	110	216	36		398			432			29
58	399	410	22		429			461			31
59	194	161	40		504			545			32
60	294	211	35		460			505			32
61	283	189	24		540			583			32
62	192	213	13		421			471			33
63	281	6	24		435			473			31
64	188	211	23		340			368			30
65	339	35	27		493			519			29
66	119	158	26		381			418			32
67	132	122	47		368			399			29
68	334	60	34		394			423			31
69	359	288	14		535			570			30
70	339	99	43		334			367			31
71	306	208	50		502			549			33
72	471	8	15		340			377			31
73	472	279	37		354			391			33
74	286	41	22		631			679			28
75	358	159	10		295			323			29
76	181	197	29		325			366			31
77	115	10	22		455			483			31
78	368	44	38		436			483			31
79	454	330	17		312			350			31
80	486	430	34		400			427			32
81	318	359	19		411			454			32
82	417	406	14		391			429			30
83	277	391	35		412			454			29
84	332	391	23		424			465			30
85	202	96	38		413			450			32
86	160	111	18		452			494			30
87	423	176	44		218			244			32
88	471	68	47		390			438			31
89	271	145	10		427			472			33
90	385	197	22		476			499			31
91	261	64	32		336			365			30
92	337	221	16		582			613			33
93	170	175	32		401			440			30
94	136	86	25		461			503			32
95	478	227	15		291			341			32
96	157	87	10		335			370			31
97	423	142	28		543			595			29
98	201	166	16		284			336			31
99	402	347	18		482			519			31
100	325	250	50		363			413			33
101	448	163	35		513			555			31
102	394	399	22		431			461			31
103	209	63	20		489			526			30
104	474	406	37		395			428			30
105	440	290	43		312			345			34
106	132	14	30		412			464			31
107	139	186	31		424			458			29
108	491	365	41		440			469			31
109	319	318	10		470			517			29
110	147	241	20		396			427			31
111	425	220	35		440			480			29
112	135	256	25		419			445			31
113	434	117	41		705			740			31
114	464	21	31		587			638			30
115	357	267	31		360			389			31
116	495	411	38		394			432			32
117	160	251	26		412			449			30
118	429	38	25		406			447			30
119	211	59	30		490			524			29
120	184	39	30		308			353			30
121	417	383	33		399			430			32
122	88	180	22		410			436			32
123	64	6	23		385			436			30
124	265	123	39		512			542			33
125	450	152	43		603			653			28
126	152	268	47		409			458			32
127	401	86	21		166			213			30
128	73	22	17		441			465			33
129	373	173	46		476			520			32
130	481	214	12		510			540			32
131	417	50	34		700			734			32
132	422	99	43		274			305			30
133	390	11	33		336			360			31
134	348	225	22		507			539			31
135	408	271	47		420			454			29
136	351	422	16		427			451			31
137	339	344	12		409			445			31
138	267	220	28		493			535			30
139	218	260	48		338			378			30
140	460	386	40		355			404			30
141	374	120	23		417			455			31
142	363	94	37		535			572			32
143	201	59	24		302			354			30
144	184	199	42		488			529			30
145	449	204	34		234			284			32
146	122	131	50		413			454			33
147	420	236	15		323			349			32
148	456	186	34		479			528			31
149	483	196	31		324			347			32
150	415	363	21		430			459			31
151	384	197	23		581			615			29
152	441	69	37		407			456			31
153	89	41	31		398			448			33
154	202	56	35		303			330			32
155	410	92	49		117			159			31
156	271	214	41		267			294			29
157	446	194	25		313			355			31
158	156	295	38		411			443			30
159	455	71	15		516			561			32
160	442	75	49		726			775			30
161	336	385	31		414			437			30
162	73	104	14		398			450			33
163	310	32	13		351			389			31
164	225	120	50		395			442			30
165	218	221	31		331			357			30
166	500	232	48		264			298			32
167	179	250	13		439			481			32
168	400	101	46		109			158			28
169	265	176	26		421			454			30
170	197	284	11		437			481			30
171	263	75	27		289			337			33
172	452	284	39		382			428			29
173	386	252	22		410			450			32
174	134	32	34		438			485			30
175	347	248	42		415			442			33
176	381	284	23		484			515			32
177	156	72	29		359			390			30
178	208	328	44		430			454			30
179	314	150	44		587			639			29
180	205	215	23		416			465			34
181	279	2	21		607			657			29
182	465	83	42		657			689			33
183	233	62	39		312			339			33
184	86	129	36		397			421			30
185	351	80	16		578			607			31
186	206	220	17		323			364			29
187	213	203	18		360			403			31
188	151	138	13		489			529			28
189	328	129	19		309			360			31
190	236	81	28		393			428			31
191	246	354	28		403			441			29
192	374	157	38		349			395			31
193	280	91	11		478			514			28
194	276	217	41		398			444			30
195	301	1	45		242			278			34
196	200	98	23		534			567			30
197	298	395	32		395			432			33
198	194	162	10		471			502			31
199	128	54	17		392			439			32
200	175	218	17		450			501			28
201	327	79	34		318			359			32
202	441	1	29		264			315			28
203	198	236	50		418			450			31
204	265	6	40		604			628			32
205	211	34	28		477			526			31
206	464	374	45		431			458			29
207	353	82	17		644			680			29
208	413	120	24		123			147			32
209	428	323	18		448			488			29
210	188	121	21		515			567			31
211	334	77	15		535			568			28
212	413	99	34		390			421			28
213	489	320	11		450			494			31
214	149	34	35		325			348			33
215	58	17	45		418			441			30
216	181	240	16		414			462			33
217	321	152	40		438			484			30
218	279	118	15		294			340			29
219	270	94	18		389			412			30
220	104	30	37		426			452			31
221	456	216	27		474			508			30
222	290	321	43		354			391			29
223	381	142	38		529			576			31
224	286	360	29		424			450			32
225	442	57	18		23			69			32
average service time: 30.786667 - average time window width: 37.373333 - average demand: 29.680000
