Inst101_LNS_Random.txt
runtime: 1566.403085
	VEHICLE
	NUMBER		CAPACITY
	266			150

CUSTOMERS
CUST ID	 XCOORD	 YCOORD	 DEMAND	 START TIME WINDOW	 END TIME WINDOW	 SERVICE TIME

0	421	15	0		0			900			0
1	57	165	47		420			458			35
2	90	198	21		372			400			37
3	262	219	41		552			591			33
4	349	38	45		308			361			34
5	367	323	25		415			475			47
6	198	48	24		526			569			31
7	395	99	37		276			328			36
8	40	148	13		415			456			37
9	314	44	46		221			245			38
10	411	151	36		593			644			44
11	498	272	19		243			302			31
12	489	272	40		539			589			41
13	7	8	12		406			443			35
14	203	125	14		354			401			41
15	330	189	12		177			234			34
16	434	320	23		429			471			40
17	315	258	24		544			589			43
18	108	216	22		463			485			44
19	391	215	24		305			364			36
20	410	187	40		535			577			41
21	463	13	24		550			576			40
22	217	370	44		392			433			33
23	471	271	13		233			292			32
24	335	329	24		450			471			32
25	429	153	29		308			342			28
26	268	254	30		282			330			33
27	195	315	47		395			441			31
28	120	238	21		408			464			45
29	460	172	19		256			314			41
30	206	180	21		396			454			33
31	152	36	41		264			314			38
32	164	280	11		452			478			39
33	461	84	33		245			287			41
34	329	405	40		395			450			36
35	82	246	11		399			439			33
36	473	304	24		320			359			36
37	168	49	40		384			429			29
38	311	371	27		407			457			32
39	448	131	34		296			349			45
40	374	88	49		154			185			34
41	266	80	30		534			572			43
42	200	293	49		350			371			37
43	259	102	30		613			660			41
44	248	50	13		388			433			43
45	311	3	20		270			291			39
46	377	157	20		422			444			39
47	289	35	19		566			590			31
48	296	126	31		435			473			35
49	45	62	29		373			417			46
50	24	76	23		404			446			37
51	429	30	43		416			454			27
52	76	4	33		355			380			33
53	488	326	31		463			506			27
54	478	11	13		739			762			41
55	6	68	16		410			431			42
56	322	60	36		526			559			45
57	304	406	14		401			423			39
58	309	20	19		263			315			30
59	83	29	50		373			415			35
60	341	0	20		121			167			41
61	220	93	21		532			569			35
62	355	365	26		357			382			35
63	391	190	41		198			231			42
64	215	5	50		348			383			36
65	421	49	17		766			794			33
66	275	237	17		317			362			27
67	72	144	45		434			465			41
68	195	324	15		357			415			35
69	219	103	19		508			551			34
70	335	346	23		398			442			37
71	325	129	24		429			455			44
72	394	253	27		413			435			39
73	195	281	10		407			434			30
74	129	81	43		435			488			29
75	30	158	39		407			438			45
76	432	78	40		101			137			29
77	400	428	10		404			439			41
78	258	253	47		484			508			36
79	395	123	31		413			459			37
80	485	66	38		285			336			29
81	313	409	48		398			432			37
82	391	7	39		467			501			27
83	438	64	25		230			273			33
84	408	158	13		288			311			37
85	166	266	44		366			405			33
86	420	255	13		336			370			44
87	416	386	35		352			389			29
88	334	312	22		330			383			41
89	334	5	15		688			734			35
90	169	64	27		507			561			42
91	267	212	24		385			412			32
92	230	193	32		359			393			37
93	278	234	45		485			530			37
94	206	118	23		577			625			31
95	449	59	27		57			117			28
96	170	317	18		411			461			36
97	230	388	39		405			438			37
98	132	157	13		477			505			35
99	452	309	31		368			403			39
100	118	254	28		383			425			34
101	79	33	46		432			467			32
102	367	282	15		418			451			44
103	355	221	47		301			340			28
104	81	147	19		381			441			43
105	268	216	21		573			604			32
106	436	125	36		277			310			34
107	383	191	41		492			528			32
108	440	267	33		474			515			33
109	229	198	41		445			476			41
110	372	59	10		502			561			35
111	288	45	20		243			273			37
112	91	39	22		315			348			30
113	402	221	43		593			623			30
114	329	55	11		157			180			37
115	375	341	11		450			496			38
116	145	215	16		331			366			42
117	431	245	10		344			396			36
118	371	127	34		168			227			41
119	407	253	17		406			457			36
120	134	90	14		281			326			36
121	451	252	38		534			591			37
122	441	299	16		420			462			30
123	320	378	43		371			416			41
124	85	158	36		399			420			42
125	205	94	15		264			294			40
126	142	67	38		452			491			31
127	209	204	17		347			404			36
128	189	16	18		303			354			35
129	180	90	44		322			346			40
130	51	4	14		442			480			32
131	324	142	41		599			624			37
132	480	313	40		404			453			37
133	116	52	43		369			398			37
134	401	4	10		444			468			36
135	491	199	24		346			392			43
136	116	11	12		316			361			35
137	420	161	42		396			438			40
138	229	272	24		353			394			37
139	463	174	48		599			649			38
140	315	354	46		403			431			40
141	191	215	38		490			520			40
142	443	142	13		593			639			32
143	35	27	14		365			419			41
144	358	146	49		171			217			36
145	240	87	45		340			379			34
146	456	216	22		470			516			31
147	175	191	27		465			512			35
148	373	323	44		444			487			33
149	116	191	43		391			446			37
150	281	180	21		568			627			41
151	343	298	29		351			399			36
152	493	383	24		407			430			43
153	312	27	10		141			165			37
154	304	315	38		369			393			38
155	391	27	41		437			480			36
156	207	295	30		408			462			43
157	229	314	31		354			383			33
158	104	94	20		446			487			35
159	111	178	20		429			473			45
160	473	74	19		239			292			37
161	312	123	45		599			647			40
162	378	223	11		472			532			40
163	277	320	41		362			385			39
164	437	317	25		481			502			43
165	432	386	21		417			439			41
166	120	267	18		386			444			39
167	163	174	12		305			356			39
168	280	279	10		360			408			42
169	338	159	11		612			665			43
170	357	120	45		335			395			42
171	398	10	46		688			741			40
172	35	69	29		379			407			34
173	357	90	13		98			134			37
174	177	137	40		471			500			41
175	79	227	28		417			444			37
176	222	231	50		350			392			31
177	117	143	14		459			498			41
178	412	202	38		402			462			34
179	472	77	16		223			254			35
180	369	212	46		543			569			46
181	152	233	18		447			482			37
182	299	261	39		466			505			35
183	370	45	14		259			309			37
184	469	1	29		230			262			35
185	148	78	13		330			366			34
186	272	79	15		339			388			33
187	168	287	44		390			421			43
188	268	259	23		275			300			37
189	327	91	23		553			586			46
190	447	80	42		715			773			38
191	22	116	49		390			450			35
192	386	126	46		195			245			36
193	335	83	13		450			499			34
194	294	350	15		332			385			31
195	356	238	21		229			286			33
196	58	230	13		403			440			37
197	382	276	24		518			576			36
198	188	270	18		387			409			40
199	223	53	16		418			475			34
200	209	138	10		361			397			44
201	220	98	26		235			267			38
202	211	183	16		347			392			39
203	162	79	28		449			509			36
204	208	300	11		366			415			31
205	177	3	42		540			583			29
206	121	21	49		404			438			37
207	327	271	32		430			465			38
208	119	63	31		452			478			45
209	153	99	10		293			327			36
210	375	7	21		324			380			35
211	292	414	20		413			444			31
212	317	328	39		390			449			45
213	291	244	29		392			434			38
214	479	100	18		115			166			38
215	304	226	22		316			363			31
216	173	178	25		495			534			34
217	375	126	45		604			637			43
218	96	206	34		425			481			30
219	98	204	16		426			468			39
220	412	375	42		382			431			46
221	401	311	41		482			514			39
222	344	253	25		568			604			34
223	350	102	33		641			679			39
224	394	3	28		729			777			32
225	302	269	20		352			401			39
226	76	144	23		433			486			38
227	232	172	14		523			548			33
228	459	37	12		271			330			32
229	360	316	48		361			394			34
230	421	47	28		453			484			27
231	117	137	21		324			368			36
232	309	3	44		626			662			39
233	198	46	38		224			279			36
234	151	184	46		454			482			33
235	230	361	45		435			464			36
236	327	153	38		377			434			34
237	464	266	28		377			434			42
238	328	55	17		155			197			38
239	200	143	17		557			601			40
240	274	12	44		386			414			38
241	80	107	19		364			419			40
242	405	247	50		281			306			35
243	377	2	15		675			708			33
244	406	413	33		374			428			43
245	453	170	32		375			434			41
246	106	94	33		493			530			36
247	488	257	23		464			500			32
248	490	149	30		398			431			38
249	439	227	31		513			570			36
250	202	314	11		400			429			35
251	309	380	33		447			470			31
252	390	389	27		397			429			42
253	422	214	42		513			548			28
254	304	109	41		640			698			30
255	472	384	12		379			406			42
256	98	268	43		409			453			29
257	349	288	44		397			427			42
258	113	39	27		386			426			32
259	344	357	35		451			484			41
260	429	429	15		396			442			42
261	444	246	37		422			478			30
262	484	355	27		335			394			42
263	261	253	25		343			396			43
264	31	37	48		412			460			31
265	303	10	17		317			347			32
266	330	126	37		141			169			41
average service time: 36.714286 - average time window width: 40.770677 - average demand: 28.274436
