Inst8_LNS_Random.txt
runtime: 897.329010
	VEHICLE
	NUMBER		CAPACITY
	339			150

CUSTOMERS
CUST ID	 XCOORD	 YCOORD	 DEMAND	 START TIME WINDOW	 END TIME WINDOW	 SERVICE TIME

0	461	447	0		0			900			0
1	374	305	49		327			380			26
2	229	269	34		526			576			19
3	411	131	35		319			372			23
4	283	344	26		368			425			24
5	319	320	24		619			675			28
6	386	112	33		448			506			28
7	361	191	47		438			493			26
8	253	397	35		277			335			22
9	123	435	13		326			379			33
10	246	194	43		426			474			17
11	288	423	17		376			431			27
12	296	388	36		158			210			21
13	444	259	44		282			340			23
14	247	448	36		507			562			24
15	254	160	17		376			428			31
16	468	200	22		407			464			18
17	309	345	22		185			243			18
18	416	110	30		408			457			23
19	461	448	46		127			177			24
20	189	355	13		317			371			25
21	386	325	38		628			681			21
22	214	476	21		483			533			19
23	288	345	32		187			241			25
24	403	340	22		447			500			20
25	229	204	30		371			421			22
26	472	233	25		270			326			24
27	184	500	34		305			354			24
28	429	398	11		577			630			26
29	399	475	39		424			476			19
30	461	398	20		453			501			22
31	343	327	12		454			506			23
32	136	277	40		399			452			30
33	496	335	27		686			742			29
34	191	204	43		367			421			26
35	161	464	32		381			431			25
36	314	159	24		382			434			24
37	419	308	34		616			667			22
38	459	439	16		731			783			26
39	445	91	21		424			482			19
40	280	359	42		371			426			24
41	293	212	40		357			405			28
42	462	39	33		419			468			22
43	430	114	42		439			490			28
44	490	425	27		193			250			23
45	93	437	33		396			444			22
46	450	146	23		467			516			19
47	437	155	39		461			513			25
48	477	305	10		138			195			32
49	185	298	44		400			456			27
50	339	299	22		341			395			24
51	224	294	21		473			522			24
52	197	192	28		360			414			30
53	396	220	16		381			430			19
54	339	471	14		480			528			24
55	86	422	42		432			480			24
56	280	146	34		407			465			22
57	419	195	45		466			520			18
58	444	486	15		363			415			23
59	348	364	38		120			175			16
60	87	284	43		392			445			23
61	251	285	17		535			587			22
62	465	158	31		371			428			26
63	436	135	48		433			489			26
64	475	99	49		359			410			25
65	313	407	14		594			642			20
66	432	432	50		622			674			23
67	487	379	11		446			495			20
68	84	437	33		441			491			26
69	348	81	49		407			459			28
70	181	447	29		416			465			22
71	433	48	34		392			444			22
72	488	143	11		513			566			25
73	377	237	19		253			304			26
74	499	495	25		356			414			26
75	341	164	36		493			541			21
76	485	76	38		413			465			22
77	111	415	21		391			447			21
78	457	457	26		559			611			24
79	324	333	38		163			219			22
80	420	218	28		311			359			23
81	266	240	20		360			414			26
82	228	434	11		521			578			27
83	288	143	45		376			433			20
84	412	260	10		499			556			22
85	223	320	49		447			503			22
86	405	88	31		369			425			24
87	434	128	34		491			545			31
88	400	90	35		385			439			24
89	496	159	43		314			372			24
90	333	456	21		200			258			19
91	256	437	12		262			315			24
92	499	335	42		335			386			25
93	126	215	45		403			455			28
94	214	346	36		415			465			18
95	275	202	37		502			552			22
96	309	346	30		449			498			27
97	185	335	12		499			557			27
98	243	173	19		365			422			23
99	488	211	11		551			603			24
100	439	173	48		257			305			23
101	302	90	19		380			437			27
102	452	205	24		416			472			23
103	234	390	17		249			302			27
104	124	467	47		352			406			22
105	421	328	34		692			746			18
106	460	362	49		339			395			23
107	93	284	46		410			458			28
108	68	458	47		395			445			26
109	127	464	28		452			506			25
110	224	376	31		229			282			20
111	440	167	18		280			331			20
112	410	324	23		457			512			24
113	199	326	44		409			460			19
114	407	74	45		375			425			21
115	419	438	13		656			704			22
116	202	201	21		425			481			27
117	434	304	46		644			694			30
118	252	146	42		421			473			25
119	344	257	37		577			627			27
120	320	238	22		320			378			27
121	417	208	26		410			459			29
122	95	267	35		383			432			24
123	295	399	25		463			516			19
124	319	384	47		351			404			26
125	379	60	27		378			435			20
126	500	434	31		50			100			28
127	122	416	48		381			436			18
128	259	299	39		440			498			23
129	338	254	21		395			444			20
130	212	296	15		347			401			23
131	227	451	38		526			584			22
132	336	489	28		572			627			22
133	457	211	36		282			337			24
134	128	306	25		360			408			25
135	231	302	23		310			366			28
136	182	237	22		370			423			18
137	242	193	35		417			472			24
138	417	317	48		242			295			17
139	199	473	46		262			313			20
140	161	174	35		391			448			29
141	475	327	24		345			401			22
142	297	231	20		474			529			23
143	402	199	41		539			587			24
144	159	342	12		347			400			24
145	99	431	19		369			425			25
146	413	296	24		245			303			27
147	234	436	43		274			326			25
148	106	396	41		351			403			19
149	445	169	28		332			387			25
150	280	250	44		355			410			29
151	342	241	23		339			387			21
152	226	306	36		373			423			24
153	179	176	49		375			432			29
154	350	165	27		429			477			23
155	188	284	14		296			346			23
156	456	120	20		384			439			27
157	463	447	18		414			470			26
158	153	302	48		367			422			24
159	249	272	41		504			562			23
160	220	466	39		466			521			28
161	239	123	16		414			469			23
162	408	220	18		256			305			31
163	359	245	30		438			492			23
164	293	341	25		447			495			30
165	205	162	32		428			481			30
166	410	236	46		303			356			18
167	499	166	42		255			311			23
168	230	493	24		532			588			19
169	103	389	11		348			396			21
170	73	431	43		430			484			21
171	174	385	49		338			395			29
172	112	216	30		409			458			19
173	461	36	23		400			451			30
174	146	235	43		416			471			27
175	180	234	23		397			455			27
176	412	275	30		306			363			25
177	133	316	32		439			489			20
178	311	337	46		267			319			19
179	247	419	20		576			626			25
180	307	286	50		308			362			23
181	190	338	12		497			546			18
182	470	316	32		312			361			26
183	441	141	32		479			530			22
184	416	371	47		245			303			23
185	449	500	25		266			323			17
186	372	353	20		221			272			21
187	395	217	11		500			555			28
188	409	154	20		506			556			17
189	277	181	43		329			382			22
190	136	305	26		359			414			23
191	454	42	45		383			432			21
192	314	180	39		357			413			24
193	323	365	27		559			607			28
194	293	338	17		325			374			25
195	344	492	20		500			553			22
196	484	259	44		263			316			24
197	148	321	26		385			433			23
198	266	125	37		374			426			20
199	498	304	18		646			699			26
200	306	336	41		551			605			26
201	496	119	48		432			489			24
202	189	384	28		456			512			20
203	88	331	25		433			490			18
204	255	483	29		408			456			18
205	360	138	45		476			534			31
206	223	392	33		512			562			24
207	373	110	39		396			448			28
208	377	487	34		582			631			26
209	391	383	19		487			543			20
210	411	489	29		71			121			24
211	89	450	37		426			483			21
212	395	169	46		532			586			20
213	481	433	38		739			793			23
214	186	456	20		248			306			20
215	259	356	11		589			643			31
216	252	450	29		241			290			20
217	202	315	24		481			537			24
218	469	439	46		751			803			21
219	474	319	23		352			405			21
220	271	438	43		478			527			21
221	357	37	38		394			450			23
222	419	475	25		283			339			26
223	218	254	41		317			366			21
224	167	166	25		413			465			27
225	95	434	45		370			419			27
226	101	235	15		401			455			24
227	453	184	21		259			309			24
228	207	368	43		381			436			17
229	494	227	23		353			407			21
230	231	343	14		494			543			24
231	85	261	28		403			451			20
232	430	174	37		509			567			27
233	327	487	16		461			517			30
234	121	243	26		380			432			21
235	463	439	20		739			790			25
236	249	254	32		365			423			28
237	295	335	25		345			397			27
238	246	275	28		465			518			24
239	178	249	31		428			485			18
240	452	172	13		393			451			18
241	486	64	28		414			467			27
242	401	429	47		486			537			24
243	419	127	42		377			433			19
244	310	232	44		279			337			25
245	269	324	30		363			419			29
246	381	43	27		412			462			23
247	315	325	40		446			496			25
248	255	267	35		549			600			24
249	330	157	31		360			414			22
250	208	455	27		276			330			23
251	487	166	47		449			503			27
252	126	329	18		333			390			30
253	386	302	30		274			322			20
254	392	258	34		273			325			27
255	94	469	31		409			464			26
256	364	490	47		493			548			23
257	346	113	35		380			432			19
258	134	455	17		475			529			17
259	186	339	16		360			416			30
260	442	63	30		391			448			24
261	141	346	40		362			410			28
262	180	431	44		428			482			22
263	333	357	12		578			626			18
264	473	131	12		402			454			25
265	247	390	33		603			654			24
266	412	456	12		722			773			22
267	199	322	29		509			558			17
268	388	343	37		385			436			19
269	420	218	28		320			372			20
270	139	438	26		476			525			22
271	381	431	27		65			115			20
272	325	72	45		410			463			19
273	478	228	15		576			624			20
274	355	132	16		381			430			23
275	404	483	31		673			724			25
276	152	188	29		420			470			18
277	331	371	29		169			226			26
278	210	367	23		485			540			22
279	340	141	41		448			506			22
280	379	340	14		602			654			27
281	159	195	20		410			462			27
282	415	365	48		434			485			26
283	475	435	25		314			372			29
284	329	500	28		426			484			16
285	418	204	45		399			450			26
286	212	187	31		358			416			18
287	377	250	18		270			320			21
288	479	469	37		734			783			26
289	326	250	18		272			327			21
290	116	380	11		419			473			26
291	226	147	48		417			469			19
292	364	413	23		179			235			20
293	271	183	30		352			406			25
294	226	425	37		313			368			28
295	313	397	42		209			257			26
296	349	110	49		364			422			25
297	364	214	22		310			363			31
298	299	500	14		548			600			22
299	154	212	38		394			448			23
300	177	204	50		375			432			21
301	294	133	28		382			436			31
302	439	162	50		306			358			17
303	236	440	23		572			622			27
304	316	470	30		669			721			19
305	110	379	45		443			501			26
306	220	402	10		254			303			27
307	245	392	25		480			533			21
308	449	367	44		86			140			22
309	174	231	49		341			391			21
310	470	213	12		344			392			20
311	450	319	20		419			468			26
312	258	462	22		448			501			24
313	95	250	23		400			448			21
314	348	346	12		613			665			31
315	267	211	46		422			478			21
316	306	278	41		522			572			29
317	154	428	19		501			549			29
318	410	380	36		605			661			19
319	99	437	21		363			420			22
320	177	361	23		477			535			29
321	294	226	24		443			499			28
322	280	488	12		402			455			22
323	207	168	50		390			443			24
324	203	242	11		384			433			21
325	491	35	24		389			438			31
326	190	403	40		443			501			27
327	343	99	49		372			430			24
328	261	322	15		495			548			24
329	460	121	48		414			471			26
330	416	441	24		264			318			24
331	493	489	32		297			352			21
332	299	293	47		573			621			21
333	385	81	17		442			490			24
334	215	177	32		393			451			25
335	147	173	33		409			460			23
336	425	31	12		402			450			22
337	463	469	30		419			473			26
338	325	101	35		369			417			29
339	457	288	42		297			346			24
average service time: 23.648968 - average time window width: 52.955752 - average demand: 30.389381
