Inst49_LNS_Random.txt
runtime: 698.385207
	VEHICLE
	NUMBER		CAPACITY
	294			150

CUSTOMERS
CUST ID	 XCOORD	 YCOORD	 DEMAND	 START TIME WINDOW	 END TIME WINDOW	 SERVICE TIME

0	105	152	0		0			900			0
1	189	54	48		573			607			29
2	210	48	46		278			326			38
3	56	178	27		255			293			33
4	338	313	30		370			404			38
5	62	434	40		385			438			23
6	405	156	48		412			446			33
7	50	380	35		437			476			31
8	418	80	14		460			514			34
9	309	191	18		204			244			27
10	456	29	10		392			435			24
11	293	225	30		227			264			24
12	16	392	42		327			363			37
13	305	394	50		403			455			35
14	441	186	10		368			420			30
15	200	114	18		687			730			43
16	384	292	32		339			387			34
17	220	202	15		410			451			24
18	127	319	26		159			206			28
19	479	42	20		429			470			38
20	267	318	34		603			636			23
21	405	62	37		346			388			33
22	200	257	25		478			529			42
23	135	200	25		392			443			30
24	3	105	14		453			506			28
25	30	251	29		357			412			32
26	231	491	50		406			448			33
27	158	136	12		680			728			16
28	415	32	12		394			439			26
29	135	143	13		245			287			31
30	435	325	42		381			434			31
31	13	214	50		487			525			26
32	227	252	13		524			573			41
33	393	3	39		373			425			35
34	18	31	11		284			322			31
35	327	335	23		415			455			25
36	26	2	22		566			612			31
37	32	274	44		344			378			29
38	347	448	10		399			436			35
39	209	348	35		554			590			38
40	295	258	27		391			428			28
41	226	368	17		517			570			22
42	382	438	24		392			436			28
43	363	58	31		546			587			36
44	56	67	41		682			720			39
45	286	498	38		436			482			21
46	470	262	35		372			418			29
47	486	311	19		394			449			19
48	239	465	15		439			490			32
49	376	342	37		400			436			38
50	239	216	33		677			719			27
51	264	7	48		587			625			25
52	442	378	32		411			459			24
53	302	283	21		582			637			22
54	90	189	48		570			613			39
55	165	351	16		364			417			31
56	184	242	32		305			355			31
57	452	41	32		458			491			21
58	228	75	28		599			646			29
59	414	206	11		396			447			22
60	156	134	14		642			679			39
61	364	275	12		500			541			30
62	223	359	41		283			325			36
63	275	403	47		488			535			15
64	359	370	21		425			469			34
65	196	162	21		260			305			27
66	428	317	26		435			470			27
67	496	242	47		399			441			39
68	465	161	33		394			448			28
69	155	201	14		480			534			34
70	295	49	19		296			334			28
71	300	207	29		302			351			19
72	111	358	39		464			511			22
73	290	267	41		422			473			36
74	59	132	50		739			788			37
75	349	347	42		496			530			30
76	225	266	32		393			433			30
77	93	75	26		587			639			28
78	385	128	43		510			552			35
79	462	20	45		377			420			37
80	360	401	27		400			451			32
81	117	450	44		331			376			33
82	239	221	35		330			384			24
83	397	323	27		346			387			30
84	17	378	42		262			303			41
85	212	55	15		572			621			29
86	93	309	35		422			456			26
87	344	132	46		258			313			42
88	80	384	13		235			289			27
89	6	452	26		299			352			23
90	191	96	13		170			213			25
91	184	16	24		226			274			35
92	333	427	10		347			400			28
93	248	36	25		345			381			45
94	139	41	33		648			698			28
95	34	475	22		410			457			33
96	419	282	25		373			421			37
97	400	45	18		369			402			24
98	430	430	37		409			444			24
99	296	280	26		305			349			26
100	253	163	38		563			611			25
101	323	0	14		341			390			29
102	278	314	19		431			481			27
103	418	93	27		398			450			29
104	284	181	49		350			394			43
105	386	334	34		345			399			39
106	346	348	29		302			350			23
107	427	183	26		469			521			21
108	343	178	45		294			327			28
109	328	102	41		538			582			20
110	90	183	19		476			527			30
111	478	280	14		412			467			35
112	69	171	50		721			757			30
113	240	54	20		191			239			35
114	258	60	15		577			614			29
115	482	162	34		395			438			30
116	286	294	20		500			539			45
117	153	177	30		356			411			27
118	274	401	19		498			539			30
119	253	0	49		595			642			20
120	450	326	21		413			451			31
121	488	187	25		369			413			31
122	166	8	11		200			245			33
123	244	237	20		575			617			25
124	351	251	35		332			386			37
125	442	221	19		479			523			18
126	187	106	13		547			596			33
127	153	387	35		431			481			33
128	373	37	41		430			476			30
129	233	376	41		433			471			21
130	269	98	36		616			651			45
131	333	442	18		424			478			22
132	234	124	26		600			652			37
133	134	99	15		111			146			23
134	150	91	40		358			411			35
135	22	371	41		441			488			27
136	290	26	24		223			256			27
137	43	476	42		419			470			23
138	421	290	17		453			499			30
139	161	341	24		326			381			32
140	70	326	10		612			665			30
141	152	211	27		751			796			21
142	26	145	45		563			601			31
143	310	332	18		431			464			35
144	302	499	25		377			421			30
145	195	211	18		258			294			31
146	133	151	26		414			468			38
147	238	38	33		441			490			32
148	410	38	10		336			386			28
149	40	108	44		678			722			33
150	56	325	49		167			218			23
151	398	388	29		434			485			31
152	60	271	14		153			198			37
153	121	321	17		590			639			34
154	113	362	21		415			470			30
155	333	259	23		501			545			31
156	357	483	10		396			440			32
157	327	162	33		488			521			30
158	96	294	50		127			164			21
159	38	380	45		267			313			34
160	261	18	13		450			499			46
161	4	10	28		548			600			44
162	84	286	36		529			581			38
163	17	432	34		468			502			31
164	152	352	21		250			293			33
165	212	21	36		344			381			32
166	126	378	13		391			426			39
167	116	183	37		166			212			23
168	165	223	41		357			405			23
169	44	304	48		211			253			30
170	329	401	15		356			390			31
171	466	25	44		383			420			28
172	437	18	24		404			450			29
173	175	128	41		563			608			25
174	224	424	36		412			453			18
175	190	419	35		507			542			32
176	128	474	31		501			547			31
177	202	343	48		439			494			25
178	387	13	11		479			520			22
179	444	135	31		373			410			35
180	184	73	25		193			244			37
181	222	318	12		548			597			15
182	299	86	29		351			394			31
183	199	303	20		246			286			33
184	415	100	12		439			474			21
185	359	236	35		499			537			30
186	456	176	29		470			512			22
187	215	492	24		333			385			24
188	344	28	28		429			464			20
189	231	159	47		185			222			27
190	70	252	11		455			509			29
191	354	44	26		551			586			18
192	99	3	45		309			352			23
193	123	115	44		806			841			16
194	132	443	28		501			541			22
195	289	129	48		276			317			23
196	131	389	46		268			316			33
197	65	342	42		275			317			16
198	11	398	49		484			526			33
199	188	313	28		367			412			30
200	156	149	26		486			524			27
201	52	218	25		624			660			36
202	134	280	18		164			201			32
203	6	154	38		619			673			17
204	226	176	19		456			510			37
205	96	273	23		665			704			33
206	362	43	23		329			371			30
207	251	252	22		165			211			21
208	339	18	39		552			585			24
209	338	174	28		341			378			28
210	337	397	12		379			424			31
211	371	229	24		461			494			31
212	226	216	20		133			171			43
213	50	499	42		353			393			28
214	178	404	49		473			523			33
215	298	169	43		363			416			35
216	207	205	20		140			187			24
217	451	126	20		369			422			26
218	224	402	44		276			315			34
219	276	416	13		329			373			34
220	7	120	22		151			204			24
221	239	310	18		536			570			28
222	323	125	16		397			448			30
223	90	385	46		466			510			36
224	421	146	35		484			530			19
225	63	175	14		245			285			43
226	447	83	48		378			426			45
227	113	487	29		484			522			33
228	146	439	50		307			356			28
229	161	164	17		48			103			31
230	19	340	10		310			344			37
231	79	173	17		152			196			25
232	124	91	38		44			94			28
233	336	240	39		548			593			20
234	492	244	42		371			422			25
235	39	492	25		430			482			40
236	477	352	38		404			442			25
237	342	478	29		390			443			20
238	66	271	43		322			361			25
239	64	436	11		344			386			25
240	493	266	22		410			461			32
241	19	351	15		197			236			28
242	365	463	48		395			443			27
243	190	207	14		505			545			33
244	15	474	10		443			498			39
245	22	104	46		664			717			38
246	197	50	31		437			482			19
247	5	43	10		659			705			23
248	355	3	26		281			326			35
249	246	257	37		265			304			30
250	47	355	19		497			550			39
251	252	80	25		355			396			41
252	137	115	37		269			315			42
253	353	18	44		508			542			34
254	301	146	31		470			511			24
255	41	493	36		355			397			35
256	228	391	44		513			561			32
257	435	281	29		383			429			41
258	67	16	26		437			488			37
259	17	73	20		602			640			37
260	86	170	44		282			336			37
261	73	456	46		307			356			41
262	279	343	28		506			548			31
263	189	216	36		145			200			25
264	356	244	22		273			312			34
265	407	87	30		392			427			19
266	427	385	20		430			472			25
267	277	163	38		537			580			29
268	246	425	34		303			349			25
269	329	321	29		384			438			29
270	70	427	42		529			568			31
271	343	381	18		404			447			36
272	181	10	34		137			188			34
273	23	23	23		314			360			26
274	141	411	21		505			558			19
275	455	314	32		390			428			22
276	307	334	43		390			437			33
277	14	459	33		429			476			23
278	7	415	47		352			391			32
279	95	44	19		197			233			21
280	216	106	39		655			710			40
281	94	23	47		519			568			21
282	251	347	30		469			509			35
283	210	247	39		412			446			31
284	225	490	33		411			460			29
285	429	341	30		355			399			36
286	241	207	30		604			657			19
287	10	106	44		333			368			18
288	236	128	39		115			163			37
289	378	324	31		361			400			18
290	117	159	34		207			247			33
291	456	91	46		342			392			33
292	240	393	46		447			483			32
293	357	242	30		263			310			27
294	47	428	36		525			562			22
average service time: 29.874150 - average time window width: 44.438776 - average demand: 29.595238
