Inst152_LNS_Random.txt
runtime: 1260.427799
	VEHICLE
	NUMBER		CAPACITY
	342			150

CUSTOMERS
CUST ID	 XCOORD	 YCOORD	 DEMAND	 START TIME WINDOW	 END TIME WINDOW	 SERVICE TIME

0	78	127	0		0			900			0
1	436	302	41		426			476			26
2	71	198	10		714			770			28
3	139	259	38		246			307			24
4	334	49	32		302			369			28
5	335	95	15		508			575			29
6	111	119	33		312			380			27
7	119	188	39		738			789			25
8	374	340	45		357			412			26
9	176	356	46		474			537			29
10	88	89	18		244			311			27
11	414	177	30		344			395			23
12	442	100	25		413			477			29
13	14	496	37		377			440			30
14	264	109	47		607			661			24
15	40	267	37		480			533			24
16	89	136	10		-15			47			26
17	279	395	46		475			532			27
18	98	35	49		574			625			25
19	57	33	21		357			416			26
20	252	290	50		235			302			27
21	403	98	34		474			527			30
22	307	123	44		226			285			30
23	359	327	28		450			510			26
24	31	299	32		593			658			27
25	50	298	30		204			256			27
26	143	60	13		557			620			27
27	80	230	50		310			376			29
28	178	246	21		170			222			28
29	264	66	24		597			652			24
30	37	331	25		579			646			28
31	72	265	28		458			524			25
32	207	391	35		403			464			26
33	39	257	50		556			618			25
34	139	51	37		556			623			28
35	397	337	24		425			487			26
36	36	33	47		449			510			25
37	230	143	24		250			316			26
38	53	334	22		414			465			28
39	308	418	16		410			475			27
40	158	430	38		303			354			24
41	451	38	14		402			453			26
42	367	61	11		358			411			30
43	122	77	18		228			279			27
44	201	214	33		282			342			30
45	131	9	19		520			574			29
46	321	363	48		378			433			26
47	162	21	29		201			252			29
48	474	64	14		381			431			23
49	96	361	46		324			387			24
50	298	170	16		280			347			24
51	454	49	44		362			422			27
52	330	337	23		308			370			30
53	217	204	32		359			422			25
54	263	385	10		495			552			30
55	204	13	46		460			516			28
56	397	123	41		426			485			23
57	394	64	42		486			538			28
58	190	107	26		494			548			26
59	264	121	34		207			262			25
60	83	70	26		212			267			29
61	132	320	22		532			594			30
62	308	217	16		337			403			27
63	172	109	44		452			508			25
64	343	238	46		339			406			26
65	257	61	16		508			558			27
66	344	235	34		456			516			28
67	343	338	47		388			453			24
68	152	253	15		163			229			30
69	331	75	41		549			599			29
70	221	318	19		253			303			24
71	155	402	12		320			383			26
72	24	62	28		416			476			25
73	427	81	48		361			421			27
74	84	458	31		468			529			23
75	145	155	45		242			306			26
76	379	237	14		367			423			26
77	8	82	25		571			636			27
78	221	493	34		401			461			26
79	228	367	49		417			477			26
80	166	269	50		644			700			25
81	144	41	30		282			341			31
82	391	201	35		365			426			25
83	165	299	12		432			492			29
84	281	339	16		448			513			25
85	111	228	10		362			416			27
86	243	66	42		413			463			29
87	59	470	19		378			431			26
88	486	196	28		407			458			25
89	292	394	47		447			512			26
90	247	2	12		275			329			26
91	168	114	23		348			405			25
92	359	140	35		385			441			26
93	392	339	43		398			449			28
94	357	354	22		407			470			24
95	45	114	39		552			609			25
96	291	344	27		320			374			27
97	85	120	46		67			118			26
98	118	387	20		523			583			24
99	458	106	27		367			422			31
100	114	453	35		443			499			30
101	19	169	38		378			445			27
102	293	188	11		254			314			26
103	64	38	33		191			246			25
104	469	215	24		372			432			25
105	317	14	30		410			471			29
106	305	414	20		387			445			28
107	293	393	29		407			460			26
108	365	100	47		328			386			26
109	40	385	29		512			575			27
110	207	188	41		537			599			31
111	355	30	35		486			540			26
112	171	320	40		390			443			26
113	168	339	12		551			615			26
114	145	363	43		327			390			27
115	157	314	14		558			615			29
116	115	138	40		255			312			29
117	75	86	12		296			358			24
118	141	27	25		346			402			27
119	363	158	49		300			350			29
120	251	214	21		192			257			25
121	316	258	40		341			393			26
122	27	262	48		118			186			28
123	28	132	40		140			200			28
124	220	76	40		519			577			25
125	97	21	22		136			190			29
126	367	283	13		424			478			30
127	277	180	38		394			444			25
128	273	308	31		393			460			32
129	425	146	27		371			433			24
130	37	198	46		509			575			29
131	252	26	39		378			429			27
132	271	247	50		337			391			28
133	300	253	44		358			412			28
134	261	70	46		168			224			24
135	242	341	25		458			515			29
136	333	95	47		351			404			23
137	4	3	23		341			396			29
138	306	1	36		286			345			27
139	102	5	13		134			197			23
140	245	58	14		200			268			28
141	214	459	12		356			407			28
142	83	54	19		158			224			24
143	54	22	37		674			737			28
144	197	27	42		346			405			27
145	401	199	49		442			499			26
146	138	258	50		374			427			24
147	343	276	41		491			558			27
148	352	220	10		341			401			24
149	62	157	38		279			342			24
150	212	49	30		543			606			28
151	55	165	50		390			446			24
152	231	445	17		400			457			29
153	190	61	41		616			684			29
154	275	250	10		385			446			29
155	283	231	42		265			332			24
156	212	327	22		387			442			27
157	402	321	21		373			425			30
158	80	37	38		455			516			28
159	48	19	27		460			525			30
160	12	82	46		648			709			26
161	203	184	43		297			362			29
162	455	215	44		361			416			27
163	374	26	15		367			429			28
164	68	30	35		541			601			28
165	249	29	15		182			239			25
166	386	46	28		301			356			28
167	191	274	48		284			335			25
168	137	423	30		293			344			23
169	240	232	23		529			591			26
170	176	324	35		481			539			24
171	369	83	49		377			436			24
172	76	364	47		361			428			26
173	179	196	48		145			197			31
174	195	132	30		562			618			25
175	441	305	28		387			454			23
176	119	478	37		340			391			24
177	395	183	38		300			358			31
178	145	252	44		494			553			26
179	364	67	23		414			477			26
180	445	63	16		410			474			22
181	66	333	11		539			593			27
182	235	35	43		558			608			27
183	291	74	27		299			351			30
184	243	268	39		265			320			28
185	385	322	47		449			499			28
186	408	116	23		396			461			27
187	103	352	45		205			269			27
188	216	122	48		139			194			26
189	212	385	11		299			360			24
190	33	278	34		619			682			28
191	397	82	38		432			491			29
192	261	206	18		381			446			26
193	368	293	17		336			394			28
194	260	93	32		373			431			25
195	241	466	14		419			484			30
196	103	251	18		429			489			25
197	147	200	28		611			673			26
198	85	446	29		361			427			32
199	324	185	39		400			466			24
200	114	416	45		429			497			26
201	381	25	48		448			511			27
202	436	70	13		420			480			28
203	5	180	29		134			195			26
204	236	440	11		361			425			28
205	44	461	29		364			428			30
206	348	309	32		420			487			27
207	178	314	33		232			292			29
208	454	217	35		432			490			23
209	398	235	12		448			506			28
210	43	49	45		693			759			25
211	187	151	48		346			402			26
212	179	221	14		293			358			25
213	340	316	35		350			413			25
214	309	157	13		339			402			23
215	197	190	49		379			429			27
216	37	250	23		157			219			28
217	40	210	16		163			230			26
218	157	163	13		701			760			27
219	348	144	35		362			425			24
220	75	425	45		294			353			29
221	128	96	25		363			417			29
222	200	305	32		557			623			27
223	305	445	34		370			434			26
224	97	261	14		181			249			32
225	382	20	41		340			400			31
226	415	33	20		352			420			26
227	204	140	42		198			259			28
228	315	319	32		308			367			26
229	149	84	39		572			633			28
230	118	456	48		484			541			25
231	180	407	20		420			485			29
232	99	292	38		418			486			28
233	354	158	28		373			433			27
234	258	197	12		539			604			31
235	161	72	28		589			645			27
236	128	155	29		53			103			25
237	68	164	35		85			152			30
238	282	344	18		332			397			27
239	177	6	15		371			423			29
240	283	104	43		414			465			27
241	113	493	30		348			410			28
242	236	152	44		563			625			27
243	147	500	23		387			437			26
244	355	297	20		440			505			32
245	31	361	38		335			393			29
246	356	81	45		400			467			28
247	393	362	46		430			483			23
248	360	133	28		538			592			25
249	273	35	27		249			316			25
250	242	346	22		323			386			24
251	25	264	42		313			380			27
252	223	139	33		346			402			24
253	171	175	40		566			626			27
254	51	188	28		514			575			25
255	244	80	28		225			281			27
256	173	204	10		679			746			24
257	109	469	30		333			384			29
258	323	359	39		429			480			29
259	207	261	12		378			432			22
260	318	447	19		367			432			31
261	320	151	32		561			613			23
262	286	316	18		397			465			29
263	322	428	34		395			445			26
264	16	70	38		286			354			26
265	150	97	34		146			210			30
266	335	225	46		363			415			29
267	163	252	28		618			672			24
268	178	302	41		551			615			26
269	278	223	20		214			281			27
270	94	63	21		292			353			29
271	424	173	21		422			490			23
272	91	147	39		545			597			29
273	435	249	48		351			404			28
274	186	261	34		164			220			26
275	380	236	14		435			496			30
276	245	402	36		467			526			26
277	120	250	25		475			540			29
278	29	202	22		448			514			26
279	212	292	22		459			523			26
280	103	424	11		372			422			28
281	340	368	12		405			471			28
282	107	395	11		337			401			29
283	136	170	20		407			461			29
284	49	467	40		412			469			29
285	401	249	36		361			420			22
286	266	255	21		471			523			27
287	355	82	16		462			527			27
288	52	385	41		365			430			24
289	99	44	36		621			687			28
290	255	358	29		465			531			25
291	199	363	45		486			545			27
292	97	226	10		282			334			31
293	341	131	36		328			388			27
294	394	409	48		400			454			23
295	103	187	44		656			710			27
296	229	71	35		302			355			28
297	269	425	32		332			383			28
298	219	416	22		403			471			31
299	141	342	34		256			313			29
300	307	272	10		253			319			24
301	178	198	15		256			314			28
302	66	227	23		562			617			27
303	116	95	16		87			155			28
304	175	40	45		310			371			30
305	283	108	48		316			370			31
306	29	493	39		430			487			26
307	1	23	15		357			415			25
308	33	284	48		247			309			27
309	102	478	39		459			521			27
310	171	299	16		337			393			25
311	255	269	19		461			519			27
312	85	190	49		748			807			29
313	350	195	22		442			503			27
314	117	461	50		318			368			25
315	205	32	12		597			650			27
316	212	379	10		524			577			29
317	258	365	37		446			512			27
318	316	144	16		358			426			25
319	336	299	29		463			515			30
320	322	444	43		404			468			25
321	315	418	24		420			476			30
322	135	385	39		436			491			28
323	75	307	16		584			651			28
324	166	385	18		468			518			25
325	413	117	47		374			437			28
326	54	379	40		522			579			27
327	376	284	30		391			454			28
328	275	7	31		499			553			30
329	2	492	32		431			485			24
330	287	481	17		397			460			23
331	285	18	12		395			449			25
332	258	312	16		438			506			24
333	423	196	41		454			513			29
334	119	304	40		546			602			27
335	450	71	42		417			479			26
336	358	274	46		329			379			27
337	300	218	12		274			340			29
338	249	264	43		323			390			27
339	249	25	39		550			617			28
340	11	16	30		553			603			27
341	1	408	43		473			523			26
342	398	23	21		450			514			30
average service time: 26.877193 - average time window width: 59.195906 - average demand: 30.622807
