Inst119_LNS_Random.txt
runtime: 346.688890
	VEHICLE
	NUMBER		CAPACITY
	364			150

CUSTOMERS
CUST ID	 XCOORD	 YCOORD	 DEMAND	 START TIME WINDOW	 END TIME WINDOW	 SERVICE TIME

0	479	337	0		0			900			0
1	281	371	49		299			351			35
2	225	422	30		462			513			34
3	430	363	10		493			536			37
4	443	318	41		449			502			37
5	181	313	21		299			344			28
6	244	86	38		347			401			39
7	272	152	31		356			405			31
8	427	494	49		627			681			31
9	104	466	45		414			471			32
10	311	168	27		437			479			33
11	482	435	29		572			623			33
12	244	494	39		504			551			30
13	460	304	45		325			365			32
14	426	226	29		349			404			35
15	164	145	44		423			488			31
16	272	344	36		419			484			31
17	244	372	11		385			447			31
18	128	333	28		422			479			27
19	362	270	36		641			681			34
20	249	159	16		377			422			31
21	295	158	37		272			323			33
22	436	335	46		348			413			34
23	244	461	12		360			401			35
24	273	254	49		378			428			35
25	207	466	46		480			531			35
26	325	343	47		605			645			37
27	79	251	39		395			450			36
28	397	109	49		286			336			32
29	269	266	28		387			436			31
30	485	405	47		603			658			33
31	229	236	38		446			511			37
32	214	287	24		401			461			32
33	156	489	33		428			492			34
34	101	311	25		379			441			32
35	477	461	27		486			530			31
36	425	344	44		557			619			39
37	439	307	49		593			657			33
38	419	176	42		146			196			33
39	182	131	33		374			438			31
40	490	478	33		381			424			32
41	313	486	22		204			250			33
42	186	471	50		413			457			37
43	224	330	18		330			376			35
44	339	496	36		373			416			35
45	354	68	34		483			537			34
46	389	313	43		576			637			32
47	497	66	49		318			358			34
48	233	254	16		526			574			31
49	435	373	41		469			518			30
50	229	452	34		386			440			32
51	312	18	28		382			446			32
52	474	314	15		625			676			32
53	406	256	46		145			200			36
54	497	381	47		420			467			32
55	233	69	11		357			415			32
56	485	455	11		163			213			31
57	344	192	25		510			562			35
58	359	473	46		322			375			36
59	363	342	28		475			519			29
60	224	261	21		420			461			31
61	441	383	20		713			777			35
62	253	445	25		327			370			33
63	499	171	34		413			460			36
64	292	185	38		284			331			34
65	283	89	33		449			494			33
66	280	46	10		346			383			31
67	186	360	12		342			407			30
68	353	100	37		255			302			35
69	142	233	50		363			413			35
70	209	205	20		333			388			28
71	499	224	25		229			266			32
72	390	395	31		494			557			35
73	478	405	34		159			221			32
74	431	341	27		384			432			33
75	342	500	44		413			470			36
76	468	282	39		755			797			31
77	196	55	39		418			456			35
78	284	354	20		571			616			36
79	349	201	10		516			558			34
80	205	410	14		302			341			32
81	239	497	23		304			348			28
82	343	450	21		547			595			38
83	286	487	28		385			442			30
84	349	317	34		490			554			35
85	346	247	12		416			481			31
86	142	396	16		400			443			38
87	436	112	23		456			513			35
88	310	8	34		381			427			30
89	89	334	27		409			459			34
90	304	463	37		307			361			29
91	99	287	12		417			479			32
92	115	275	50		359			423			29
93	298	383	50		281			326			33
94	233	97	30		343			399			28
95	422	362	18		57			103			32
96	210	226	26		367			417			32
97	294	210	44		400			449			32
98	324	324	48		131			183			37
99	158	72	23		406			444			35
100	307	286	31		205			264			34
101	147	126	11		421			471			29
102	146	147	41		400			453			35
103	294	434	37		290			332			28
104	232	207	47		460			523			35
105	470	187	25		409			465			34
106	466	37	17		434			497			33
107	394	396	13		146			196			29
108	486	237	25		228			267			35
109	252	65	36		424			475			27
110	272	415	13		568			629			36
111	456	303	29		137			200			32
112	447	70	19		484			530			34
113	440	436	15		122			182			33
114	194	150	39		438			495			34
115	257	303	17		455			500			33
116	203	237	29		275			324			28
117	138	330	40		432			477			28
118	392	63	37		470			524			34
119	125	403	32		345			405			35
120	135	444	10		329			394			31
121	128	500	44		383			434			35
122	101	442	49		413			466			33
123	348	141	17		302			350			28
124	489	478	16		320			376			37
125	488	154	47		190			227			32
126	327	93	18		500			565			33
127	153	257	31		337			398			31
128	92	483	48		397			450			28
129	169	395	42		409			448			33
130	286	255	42		246			311			33
131	141	289	30		376			437			38
132	150	450	26		367			424			36
133	114	438	45		368			409			27
134	102	257	26		416			476			36
135	75	347	32		418			456			30
136	197	397	45		457			501			31
137	385	275	34		691			732			33
138	120	207	12		398			463			31
139	144	265	35		335			381			37
140	193	254	38		366			417			31
141	223	396	28		478			543			37
142	393	126	24		461			520			29
143	363	478	11		338			390			33
144	138	415	32		348			411			34
145	297	333	15		173			223			31
146	305	187	45		335			399			37
147	433	163	36		175			233			29
148	180	138	14		328			392			33
149	225	495	26		392			452			33
150	464	498	12		305			351			28
151	431	46	42		370			434			36
152	329	453	15		345			400			35
153	156	168	32		400			440			35
154	275	95	44		456			493			30
155	485	366	13		739			777			37
156	163	378	16		357			401			37
157	148	449	13		417			459			32
158	262	5	41		394			454			33
159	120	411	40		402			463			29
160	298	254	33		227			265			30
161	264	378	30		327			369			35
162	173	204	38		323			386			33
163	187	198	16		369			408			30
164	230	95	49		319			376			31
165	219	241	42		328			377			33
166	350	196	50		538			588			36
167	205	433	26		489			545			32
168	403	366	25		431			472			31
169	100	245	41		422			465			32
170	191	387	38		503			551			30
171	148	376	13		469			520			34
172	460	55	22		273			330			30
173	248	157	17		310			372			29
174	214	459	27		296			353			37
175	350	122	12		261			299			32
176	216	431	17		529			576			31
177	390	453	46		228			270			28
178	365	339	39		430			492			31
179	410	372	45		685			745			33
180	121	171	35		376			436			33
181	139	265	18		417			482			31
182	265	202	40		467			510			35
183	140	429	11		400			449			32
184	171	253	26		303			368			32
185	490	365	32		164			218			36
186	136	383	36		334			371			35
187	170	434	38		413			472			37
188	161	394	18		466			509			33
189	471	496	28		386			430			35
190	87	391	34		365			427			34
191	433	439	44		676			718			38
192	393	463	40		149			197			36
193	359	50	11		487			545			29
194	103	185	31		391			435			34
195	338	308	41		447			490			36
196	128	455	15		414			462			33
197	367	475	13		491			556			33
198	328	364	27		557			612			31
199	144	411	10		368			425			35
200	372	61	50		381			444			37
201	427	222	11		174			230			30
202	316	92	22		514			567			29
203	343	78	26		307			362			34
204	88	288	30		421			459			30
205	464	393	32		535			574			38
206	479	428	25		415			464			35
207	142	205	16		360			423			33
208	376	381	44		162			217			34
209	112	327	41		349			398			28
210	432	1	18		355			402			31
211	449	202	31		634			691			32
212	258	421	11		304			355			32
213	316	250	42		513			573			35
214	422	347	37		235			290			36
215	294	263	50		329			372			33
216	124	303	15		430			469			36
217	217	414	29		509			547			31
218	355	119	25		510			574			34
219	349	445	40		612			673			30
220	157	409	25		394			432			29
221	418	422	40		160			201			31
222	132	395	12		458			498			31
223	402	327	47		488			529			30
224	332	265	39		465			508			33
225	232	451	25		294			351			31
226	243	298	15		379			426			35
227	491	110	38		424			487			29
228	415	60	13		511			566			35
229	377	108	45		226			282			36
230	306	310	46		250			291			34
231	490	29	15		341			392			32
232	232	169	48		427			490			37
233	377	375	45		165			210			34
234	357	265	34		222			283			32
235	193	163	39		397			455			34
236	326	163	16		256			319			33
237	453	124	47		571			610			32
238	173	205	10		379			437			28
239	262	183	10		324			376			31
240	486	89	36		429			493			34
241	478	229	13		447			498			31
242	97	467	42		403			465			32
243	484	188	20		658			716			32
244	180	78	13		381			440			32
245	305	165	41		341			403			33
246	206	67	45		432			481			35
247	498	68	20		415			466			34
248	386	371	48		170			214			37
249	233	328	45		387			431			31
250	145	466	36		422			479			28
251	391	377	43		717			763			30
252	426	377	29		600			649			27
253	468	297	16		145			196			34
254	190	56	17		382			436			35
255	480	361	30		55			120			30
256	266	146	34		320			362			38
257	409	15	50		337			383			32
258	298	124	21		340			389			37
259	313	426	49		225			284			29
260	381	378	45		273			337			38
261	250	274	32		575			626			29
262	352	417	19		162			203			33
263	237	434	29		566			607			29
264	221	330	24		476			523			28
265	189	134	29		390			447			31
266	369	175	25		507			572			32
267	185	248	12		363			428			34
268	427	17	20		389			440			29
269	414	26	13		493			533			34
270	470	314	23		617			668			30
271	455	50	31		300			361			33
272	267	338	30		253			296			33
273	283	169	34		352			417			33
274	220	343	11		326			365			33
275	436	420	49		678			718			37
276	484	472	21		334			394			33
277	220	132	26		383			440			33
278	236	469	50		465			513			35
279	244	179	25		404			448			33
280	456	286	29		400			446			34
281	363	414	13		241			279			32
282	348	70	48		479			543			36
283	292	399	41		616			656			31
284	418	2	10		465			506			29
285	94	218	23		402			467			30
286	248	453	35		358			418			31
287	427	438	21		599			656			32
288	499	492	11		430			477			34
289	150	338	22		454			513			34
290	316	397	30		439			490			33
291	243	152	47		476			527			35
292	418	226	32		175			213			32
293	215	25	37		395			452			32
294	483	179	29		302			363			37
295	413	476	47		384			435			37
296	340	420	11		312			356			32
297	168	303	35		418			467			30
298	491	231	20		195			250			33
299	215	71	17		405			459			37
300	114	431	46		405			450			33
301	261	262	20		309			346			34
302	170	175	12		396			458			29
303	376	281	39		579			643			35
304	213	213	30		314			372			34
305	365	181	47		212			251			33
306	253	272	16		530			577			33
307	444	414	19		245			301			32
308	155	110	48		369			430			29
309	361	80	17		461			506			32
310	174	236	12		327			384			35
311	225	252	14		358			414			33
312	244	125	31		400			438			32
313	480	305	43		201			239			32
314	261	306	15		391			443			32
315	260	181	45		276			337			31
316	314	322	44		444			498			31
317	237	2	45		413			450			29
318	418	485	41		658			702			35
319	452	162	16		415			479			33
320	248	387	21		481			529			34
321	324	115	12		305			355			30
322	393	265	11		366			403			35
323	480	153	22		615			663			33
324	379	72	18		428			493			33
325	350	251	21		467			514			34
326	429	205	33		551			615			33
327	161	204	47		463			515			31
328	330	421	11		413			464			33
329	389	197	47		474			514			29
330	351	37	20		472			535			33
331	217	475	37		303			364			34
332	171	411	49		463			527			30
333	179	119	48		422			469			34
334	400	468	22		605			659			37
335	481	364	36		662			726			33
336	363	22	15		389			454			33
337	162	215	18		318			373			34
338	104	374	41		367			426			30
339	223	298	35		442			506			29
340	166	397	48		471			525			29
341	249	472	14		325			386			38
342	412	94	21		414			465			35
343	291	341	45		454			494			37
344	259	75	50		405			468			30
345	331	429	23		320			359			32
346	252	11	35		404			462			33
347	386	250	42		585			643			34
348	408	275	27		531			581			30
349	242	174	48		305			346			33
350	400	140	28		349			390			37
351	118	389	15		434			494			29
352	386	67	10		474			523			34
353	500	217	46		237			274			30
354	414	104	26		385			448			33
355	139	336	18		424			488			32
356	174	254	41		390			444			32
357	140	306	33		338			399			33
358	306	134	15		447			499			31
359	246	317	13		546			599			32
360	379	460	29		570			608			32
361	495	159	25		343			396			27
362	321	122	30		390			438			35
363	375	345	28		366			419			35
364	468	83	18		441			493			35
average service time: 32.769231 - average time window width: 51.857143 - average demand: 29.956044
