Inst13_LNS_Random.txt
runtime: 887.210161
	VEHICLE
	NUMBER		CAPACITY
	253			150

CUSTOMERS
CUST ID	 XCOORD	 YCOORD	 DEMAND	 START TIME WINDOW	 END TIME WINDOW	 SERVICE TIME

0	482	87	0		0			900			0
1	357	354	25		433			468			26
2	320	316	12		300			345			27
3	234	299	39		405			463			17
4	435	267	10		577			630			28
5	195	10	39		357			404			18
6	171	363	50		399			454			30
7	374	331	25		413			439			27
8	93	103	44		379			406			37
9	179	158	14		331			364			27
10	452	299	18		483			516			25
11	92	224	49		422			449			21
12	322	118	12		429			459			29
13	218	94	13		347			387			23
14	427	500	29		399			442			19
15	332	27	36		154			200			18
16	297	450	12		394			425			23
17	300	292	22		491			538			26
18	434	317	46		348			410			25
19	255	358	39		373			435			39
20	90	148	49		387			432			24
21	164	199	46		348			392			33
22	483	315	42		227			281			28
23	221	169	18		251			301			29
24	168	313	27		426			464			26
25	367	363	47		482			532			29
26	195	246	41		454			514			26
27	197	121	27		473			520			18
28	292	284	41		345			407			22
29	326	113	28		278			334			23
30	492	38	37		271			331			18
31	316	213	31		524			566			18
32	439	358	13		529			558			27
33	412	331	18		473			505			27
34	369	139	37		324			369			22
35	287	97	28		574			629			31
36	386	297	48		272			333			38
37	113	244	47		455			482			16
38	295	233	42		586			615			25
39	281	126	45		424			470			18
40	476	432	20		501			531			20
41	270	37	15		599			643			25
42	119	298	15		401			438			19
43	403	141	39		567			593			17
44	481	3	26		640			669			19
45	340	304	49		321			376			32
46	363	492	18		401			448			25
47	330	62	41		615			665			22
48	495	376	22		479			539			24
49	148	149	28		462			509			21
50	196	159	22		485			534			36
51	492	353	16		363			405			24
52	427	386	28		314			373			25
53	455	401	22		334			395			37
54	377	261	39		288			330			24
55	206	110	43		413			442			22
56	283	323	44		467			523			19
57	225	151	22		293			352			36
58	430	203	47		542			572			20
59	231	44	35		229			290			24
60	208	216	12		489			527			25
61	360	160	43		343			383			28
62	303	168	49		604			649			29
63	124	264	38		432			478			23
64	318	275	20		552			598			24
65	215	136	36		390			417			29
66	379	341	45		301			338			38
67	444	496	38		412			452			30
68	494	144	36		648			702			23
69	291	296	45		345			388			29
70	173	159	37		506			550			27
71	285	133	49		211			239			22
72	452	51	15		37			79			28
73	348	363	43		483			524			30
74	177	258	44		336			376			30
75	170	69	46		365			425			28
76	356	22	45		478			516			30
77	106	139	10		356			416			31
78	154	57	30		368			401			25
79	443	458	19		457			485			25
80	139	285	48		446			473			23
81	424	69	36		121			184			20
82	182	247	16		371			419			28
83	360	148	28		130			184			31
84	371	384	31		309			333			19
85	476	161	42		632			665			23
86	241	258	31		414			460			24
87	272	385	12		430			477			20
88	243	124	33		364			419			27
89	241	7	39		476			504			36
90	373	32	31		313			342			28
91	116	186	45		367			424			28
92	272	278	40		467			491			34
93	317	359	29		480			530			19
94	441	430	31		351			407			21
95	370	253	16		205			247			26
96	224	231	41		361			409			22
97	276	382	30		382			406			16
98	427	108	43		40			78			13
99	226	208	28		432			459			30
100	432	252	23		183			228			37
101	225	163	23		292			341			26
102	358	371	19		451			476			28
103	75	26	43		418			461			19
104	351	293	28		534			594			30
105	219	177	16		257			313			29
106	186	2	49		467			494			30
107	357	425	19		417			450			22
108	358	97	10		236			281			23
109	363	25	46		557			614			26
110	306	132	45		271			303			28
111	350	114	30		537			584			26
112	256	82	10		435			462			15
113	377	90	41		687			738			37
114	371	476	34		407			465			29
115	180	229	18		379			416			33
116	251	200	36		319			381			22
117	463	88	16		621			676			37
118	428	336	37		536			577			27
119	429	71	12		172			216			20
120	129	32	32		385			434			20
121	95	273	11		413			445			20
122	292	143	43		582			639			23
123	347	66	22		538			573			22
124	336	29	41		163			222			26
125	267	375	25		355			403			18
126	276	427	17		404			456			27
127	276	251	33		262			291			38
128	452	364	48		459			507			21
129	292	358	15		362			419			19
130	217	67	34		418			447			21
131	87	91	10		416			440			32
132	252	164	23		495			534			27
133	397	449	16		473			502			24
134	241	70	13		441			499			29
135	194	56	10		458			500			20
136	200	87	47		436			489			28
137	172	42	46		503			527			26
138	162	105	27		470			517			20
139	202	168	39		286			311			26
140	169	235	43		351			396			13
141	404	2	48		555			599			25
142	473	404	48		477			517			20
143	388	269	15		418			443			37
144	67	23	31		411			439			31
145	69	96	43		393			434			34
146	217	273	47		432			492			26
147	305	67	40		570			626			25
148	86	103	20		390			416			28
149	371	226	50		522			576			17
150	406	145	16		123			158			26
151	118	135	50		361			387			18
152	338	62	30		220			244			17
153	397	474	38		402			442			16
154	250	72	45		469			516			26
155	220	304	17		438			467			19
156	306	288	45		279			322			32
157	423	338	33		290			323			29
158	257	193	20		322			370			22
159	224	135	34		469			515			34
160	392	322	37		406			462			25
161	267	239	23		484			522			36
162	342	460	25		411			449			32
163	371	289	21		553			604			25
164	288	210	39		236			299			32
165	395	32	16		244			290			18
166	360	10	27		442			490			17
167	439	256	31		507			553			26
168	422	368	25		461			491			13
169	263	107	28		224			267			33
170	374	122	17		490			519			26
171	488	461	24		453			493			23
172	200	298	21		443			505			20
173	361	187	28		184			214			23
174	335	234	41		377			419			25
175	334	4	41		426			477			25
176	218	272	38		482			518			21
177	134	258	33		378			421			18
178	392	143	34		182			235			27
179	478	315	50		382			410			28
180	293	207	21		522			584			17
181	391	340	24		338			366			34
182	482	95	34		95			148			23
183	218	55	32		561			586			31
184	330	84	13		328			362			28
185	97	115	11		437			490			21
186	261	361	22		495			526			20
187	295	389	28		373			397			28
188	443	191	50		618			676			21
189	447	443	43		352			402			30
190	403	462	11		391			436			18
191	236	153	24		323			377			29
192	231	188	21		303			366			24
193	111	226	16		443			467			30
194	498	52	11		190			234			32
195	396	161	32		314			355			28
196	391	174	13		577			622			20
197	465	73	42		428			469			22
198	147	258	14		380			415			25
199	224	97	11		429			489			36
200	320	138	47		328			383			18
201	396	236	25		653			679			31
202	319	439	18		374			414			38
203	331	216	44		346			372			22
204	174	285	12		346			388			28
205	131	212	30		424			481			27
206	439	404	14		352			409			25
207	283	261	44		456			497			33
208	444	12	31		167			227			23
209	377	95	33		482			535			20
210	321	212	11		574			614			33
211	355	362	40		375			431			33
212	236	248	21		305			336			23
213	370	297	21		250			308			17
214	275	420	50		371			418			20
215	483	354	35		457			491			14
216	345	43	48		126			186			24
217	135	22	27		380			436			20
218	283	33	38		495			523			25
219	453	234	39		312			373			24
220	399	21	31		594			650			31
221	351	80	38		293			352			29
222	308	266	17		431			485			27
223	411	249	11		539			587			30
224	224	291	14		322			359			19
225	421	212	36		185			220			31
226	281	399	42		410			463			17
227	445	79	19		222			264			31
228	453	363	22		339			398			21
229	453	174	46		193			251			33
230	497	478	41		401			459			26
231	373	61	41		568			593			22
232	324	393	27		322			384			26
233	463	106	13		496			527			35
234	490	283	14		519			544			25
235	194	91	48		401			458			21
236	210	271	34		308			367			26
237	269	52	10		247			286			28
238	283	140	41		441			468			29
239	232	287	46		482			529			33
240	345	343	37		326			375			27
241	201	354	13		383			411			32
242	466	258	50		396			454			29
243	229	339	23		448			481			21
244	338	9	10		474			498			26
245	388	94	48		638			676			26
246	331	430	37		401			455			34
247	70	181	25		413			452			23
248	477	368	30		355			409			24
249	457	58	40		210			244			30
250	117	256	15		414			451			23
251	160	156	39		306			356			33
252	175	95	25		519			545			30
253	402	340	35		488			538			17
average service time: 25.553360 - average time window width: 43.442688 - average demand: 30.533597
