Inst126_LNS_Random.txt
runtime: 288.985361
	VEHICLE
	NUMBER		CAPACITY
	330			150

CUSTOMERS
CUST ID	 XCOORD	 YCOORD	 DEMAND	 START TIME WINDOW	 END TIME WINDOW	 SERVICE TIME

0	10	495	0		0			900			0
1	135	395	27		500			523			25
2	315	238	22		428			468			25
3	257	223	15		444			492			25
4	171	106	24		419			446			31
5	261	198	48		380			424			29
6	101	379	20		397			440			29
7	276	495	50		411			453			20
8	18	286	36		430			478			30
9	101	302	28		384			426			24
10	276	413	47		366			414			24
11	216	430	49		514			538			23
12	233	172	10		409			453			26
13	30	211	41		405			445			21
14	325	438	19		369			414			29
15	99	302	14		251			282			26
16	26	159	32		351			394			22
17	320	377	35		490			528			29
18	104	130	39		428			472			23
19	175	237	24		401			429			24
20	100	122	18		411			451			27
21	29	265	36		263			308			23
22	32	135	25		369			399			20
23	208	159	37		451			483			24
24	30	442	12		647			672			25
25	130	176	17		369			403			23
26	96	472	36		514			563			20
27	314	256	18		438			478			24
28	338	447	48		482			509			24
29	177	119	15		424			448			26
30	52	145	44		443			473			26
31	80	308	33		593			623			22
32	376	332	20		405			429			21
33	83	424	16		461			505			24
34	427	489	44		401			449			25
35	161	418	25		274			307			32
36	275	370	36		440			482			29
37	82	328	10		581			620			23
38	280	179	45		426			462			21
39	26	451	34		84			124			26
40	253	216	14		413			437			20
41	326	280	29		391			423			25
42	101	433	16		116			154			19
43	163	99	26		401			449			19
44	351	313	48		411			449			26
45	134	276	50		454			491			32
46	127	155	10		379			426			22
47	16	468	43		396			433			27
48	263	159	39		412			439			27
49	27	109	34		377			420			27
50	118	136	15		407			440			28
51	130	126	19		374			405			29
52	148	112	50		395			431			28
53	257	353	25		387			413			24
54	112	310	21		366			393			24
55	190	161	38		400			449			25
56	377	386	34		404			449			23
57	312	337	28		346			376			24
58	136	493	49		675			698			26
59	173	125	34		393			432			26
60	384	380	20		379			417			25
61	419	492	46		403			452			27
62	287	460	34		448			489			26
63	343	458	20		425			455			22
64	118	448	20		266			316			28
65	230	165	32		410			440			26
66	194	271	45		287			314			19
67	138	132	24		439			485			26
68	314	221	44		395			425			22
69	174	423	12		193			228			25
70	344	234	41		413			444			27
71	319	256	25		385			423			26
72	337	302	29		440			470			28
73	53	405	18		126			166			25
74	298	379	42		320			356			27
75	266	360	29		277			323			23
76	160	337	25		535			563			26
77	176	311	18		238			281			20
78	233	428	31		587			622			23
79	352	397	19		426			453			27
80	330	465	47		323			365			26
81	204	122	12		411			457			23
82	108	209	13		499			539			26
83	301	355	42		386			429			24
84	354	334	15		376			425			19
85	291	209	25		388			416			25
86	311	444	20		515			541			25
87	380	440	35		440			469			29
88	230	230	44		435			458			25
89	374	462	20		394			441			24
90	69	175	27		432			479			29
91	127	88	11		409			450			26
92	55	149	43		454			477			24
93	218	166	46		422			465			25
94	57	154	22		423			457			24
95	21	423	34		496			524			26
96	206	365	17		401			437			29
97	300	454	37		371			402			31
98	31	325	27		412			457			25
99	157	416	47		541			581			25
100	297	280	41		359			382			26
101	107	178	12		340			376			26
102	240	262	12		424			451			23
103	72	484	18		496			532			26
104	265	227	47		398			448			21
105	34	470	21		644			683			22
106	22	229	19		293			326			28
107	312	320	24		482			511			29
108	25	87	13		405			448			25
109	23	225	14		517			567			27
110	108	417	10		118			165			23
111	428	480	24		413			451			24
112	254	173	22		383			424			24
113	250	221	39		375			403			26
114	228	448	44		411			444			23
115	43	118	11		409			456			21
116	182	258	14		477			506			22
117	259	184	35		421			450			25
118	165	411	14		201			239			29
119	163	216	41		362			407			24
120	156	476	33		619			668			28
121	1	188	30		497			523			24
122	379	390	26		398			438			25
123	288	353	17		470			513			26
124	67	158	17		355			378			28
125	193	355	32		471			497			22
126	240	228	42		422			447			24
127	109	268	32		443			485			29
128	145	141	18		413			463			28
129	72	94	26		427			459			26
130	281	174	11		401			447			24
131	334	399	31		494			518			28
132	14	83	28		429			454			22
133	372	424	45		384			433			23
134	165	264	12		308			340			20
135	1	352	37		245			281			28
136	67	435	25		443			480			29
137	133	321	16		369			405			28
138	107	248	47		529			563			22
139	111	371	40		404			441			25
140	217	442	35		547			575			25
141	20	281	17		263			293			21
142	178	176	44		431			464			26
143	336	371	22		474			512			24
144	162	128	12		400			429			22
145	162	344	42		267			309			27
146	47	283	27		462			496			25
147	179	110	12		411			435			27
148	52	486	45		712			745			30
149	254	379	41		447			478			23
150	172	308	46		475			508			28
151	270	332	39		355			399			26
152	42	408	13		421			465			31
153	194	321	19		459			483			26
154	186	145	15		446			474			23
155	106	102	35		418			454			22
156	59	262	47		496			522			26
157	260	304	34		507			557			26
158	238	209	20		400			439			25
159	45	372	45		294			323			28
160	149	237	37		403			443			22
161	218	423	27		252			299			23
162	38	414	37		384			413			21
163	167	454	24		633			664			30
164	157	201	26		352			395			23
165	80	215	28		441			471			27
166	167	451	21		657			693			24
167	331	392	17		376			399			22
168	223	431	28		492			539			21
169	194	394	49		198			228			30
170	197	491	45		656			685			24
171	102	117	48		418			468			27
172	379	394	41		366			412			28
173	106	461	33		600			630			22
174	39	225	10		263			295			24
175	298	457	14		409			458			25
176	144	496	36		608			631			27
177	1	114	24		429			452			30
178	128	119	42		438			478			25
179	120	432	11		686			723			28
180	363	493	31		454			477			30
181	170	433	24		447			493			29
182	351	473	33		336			377			26
183	114	169	10		344			371			23
184	69	300	29		337			367			25
185	46	136	47		420			451			27
186	363	491	35		479			516			21
187	297	205	42		406			444			25
188	321	216	45		412			450			26
189	196	341	26		321			358			29
190	341	478	11		325			370			24
191	34	90	28		439			464			23
192	339	470	32		412			445			27
193	46	356	15		364			406			23
194	212	420	28		276			315			24
195	362	491	50		406			443			25
196	19	476	42		399			438			24
197	169	208	11		434			457			20
198	173	211	47		416			439			23
199	225	500	24		590			615			26
200	135	374	42		227			268			25
201	105	328	22		266			302			25
202	270	178	12		410			439			23
203	143	320	48		304			350			26
204	315	347	36		378			416			27
205	119	440	29		681			708			29
206	186	226	44		442			472			24
207	161	287	45		290			339			24
208	100	145	45		415			439			21
209	66	351	46		152			189			24
210	284	420	27		400			427			22
211	208	233	43		469			507			25
212	227	361	50		427			461			26
213	277	468	16		518			564			24
214	164	452	21		355			386			26
215	186	450	46		252			283			30
216	276	311	41		412			447			19
217	209	458	50		236			282			20
218	224	411	25		321			354			26
219	160	427	48		453			499			28
220	120	97	41		397			437			23
221	120	330	19		628			670			23
222	101	145	15		387			417			26
223	82	349	46		418			447			23
224	123	492	16		683			722			27
225	84	234	24		436			469			30
226	100	322	15		270			311			26
227	53	400	12		212			254			24
228	202	363	35		373			396			29
229	143	334	32		616			647			26
230	238	357	29		578			604			23
231	29	263	21		384			423			27
232	363	309	31		376			426			21
233	275	331	34		388			423			25
234	264	195	34		407			433			24
235	0	327	30		288			324			23
236	389	432	45		389			428			28
237	23	290	20		611			659			20
238	63	304	38		619			648			25
239	37	367	47		373			413			25
240	136	100	40		395			435			24
241	115	89	46		423			450			24
242	92	479	16		721			769			19
243	296	439	41		518			565			22
244	70	232	45		537			587			25
245	56	480	48		779			827			23
246	57	353	43		605			653			27
247	233	407	11		489			534			21
248	293	343	48		396			435			25
249	391	368	50		387			419			30
250	6	374	21		697			737			28
251	76	198	21		446			491			22
252	44	145	26		402			452			27
253	16	274	15		440			479			31
254	61	260	39		282			332			23
255	105	464	17		607			639			28
256	383	388	41		419			451			24
257	293	436	31		523			567			24
258	386	480	27		381			407			26
259	251	488	29		489			535			25
260	71	489	19		283			326			30
261	70	383	11		528			555			26
262	175	433	29		261			310			23
263	329	244	11		394			440			23
264	42	390	40		118			164			29
265	19	447	20		556			588			27
266	37	237	43		308			334			29
267	104	457	29		108			139			22
268	59	215	23		349			391			25
269	319	298	11		390			414			27
270	314	365	35		483			531			24
271	279	410	33		337			365			23
272	180	383	40		284			330			28
273	143	162	24		359			409			23
274	388	441	41		447			490			28
275	46	137	44		345			394			21
276	354	373	36		384			425			24
277	262	168	47		401			444			29
278	351	411	50		334			381			21
279	161	268	24		296			321			24
280	3	177	25		517			547			30
281	372	287	47		403			432			30
282	135	439	28		120			158			27
283	89	287	23		292			334			24
284	17	202	18		462			492			28
285	297	365	40		432			459			31
286	36	187	44		299			346			25
287	231	242	24		339			369			22
288	167	451	49		362			385			30
289	158	310	17		316			356			22
290	27	154	20		419			454			26
291	208	214	49		484			513			24
292	206	364	45		320			351			22
293	180	175	11		390			428			23
294	263	489	22		454			498			27
295	7	442	38		84			108			31
296	191	489	42		571			608			30
297	163	370	37		335			358			28
298	24	238	10		322			365			26
299	1	273	18		421			450			24
300	139	107	17		397			438			27
301	133	113	10		394			432			25
302	154	429	23		294			334			19
303	317	231	34		413			445			29
304	196	195	38		467			500			27
305	42	177	24		365			398			20
306	316	341	20		474			522			26
307	294	252	12		382			427			29
308	357	418	32		410			449			24
309	153	423	19		296			336			22
310	237	467	23		246			274			25
311	261	258	38		390			413			23
312	100	421	37		285			310			27
313	396	500	30		426			458			22
314	216	353	28		340			377			24
315	235	282	20		438			486			20
316	24	407	42		199			233			26
317	51	372	30		451			480			27
318	101	186	33		343			389			24
319	267	479	25		282			313			30
320	27	412	26		465			491			28
321	374	477	22		404			437			23
322	70	449	41		226			255			24
323	161	213	33		430			470			27
324	334	451	43		340			367			28
325	40	113	26		395			434			25
326	168	429	41		503			539			25
327	31	92	29		419			447			22
328	262	360	36		462			510			28
329	133	439	39		432			471			22
330	325	472	18		309			355			23
average service time: 25.130303 - average time window width: 36.348485 - average demand: 29.903030
