Inst181_LNS_Random.txt
runtime: 1658.668852
	VEHICLE
	NUMBER		CAPACITY
	253			150

CUSTOMERS
CUST ID	 XCOORD	 YCOORD	 DEMAND	 START TIME WINDOW	 END TIME WINDOW	 SERVICE TIME

0	407	77	0		0			900			0
1	499	3	30		323			358			21
2	145	371	32		423			482			21
3	110	72	12		267			327			25
4	44	167	12		388			430			22
5	489	130	48		362			424			31
6	345	245	23		251			317			32
7	145	131	28		483			543			24
8	451	101	34		625			658			24
9	9	65	48		391			441			27
10	240	306	44		503			554			28
11	319	347	44		434			489			23
12	256	437	33		406			452			21
13	318	88	21		482			527			23
14	255	395	35		434			496			27
15	417	152	25		107			146			31
16	122	158	13		409			471			27
17	243	222	15		435			491			21
18	454	440	32		378			445			21
19	336	358	47		318			349			27
20	490	305	25		422			483			32
21	297	431	35		474			505			24
22	256	335	19		444			492			29
23	26	7	44		373			421			28
24	480	259	32		334			374			30
25	378	172	44		258			318			30
26	487	275	43		227			286			27
27	400	246	38		612			667			26
28	434	58	24		664			695			23
29	150	255	36		502			552			33
30	275	264	50		348			394			33
31	485	410	39		376			419			22
32	179	225	29		474			525			28
33	300	326	29		346			407			30
34	131	258	28		405			441			33
35	102	255	42		426			485			24
36	162	294	44		415			447			30
37	337	142	31		385			448			35
38	189	1	35		386			447			30
39	395	406	48		343			397			28
40	488	346	41		526			558			27
41	190	251	32		508			577			24
42	283	12	11		623			663			21
43	463	479	27		396			428			29
44	449	217	29		349			396			29
45	320	175	23		209			253			22
46	184	273	20		353			419			25
47	330	205	18		272			304			30
48	372	191	13		682			716			29
49	394	237	36		220			286			27
50	296	117	21		284			347			31
51	458	460	15		427			474			28
52	496	474	49		404			434			26
53	110	219	29		399			456			25
54	252	207	49		348			409			25
55	171	311	28		458			504			32
56	434	181	14		529			568			27
57	253	81	31		472			514			26
58	75	164	13		353			420			27
59	336	410	17		451			496			22
60	465	434	48		352			382			26
61	445	57	22		397			435			34
62	58	241	37		369			414			30
63	235	48	37		386			455			25
64	316	266	13		316			372			28
65	416	79	48		193			225			27
66	65	181	17		358			412			31
67	222	6	23		248			312			27
68	236	355	23		369			408			25
69	284	262	50		457			518			31
70	283	243	32		260			328			35
71	391	445	48		459			492			27
72	465	311	43		495			553			27
73	377	36	46		259			326			24
74	363	412	43		445			515			32
75	393	299	44		401			446			31
76	160	121	33		365			396			25
77	36	77	19		411			460			29
78	355	292	42		267			326			27
79	409	107	29		505			566			23
80	305	381	21		343			375			26
81	326	301	21		440			479			27
82	363	425	40		395			437			26
83	227	181	36		451			517			27
84	150	395	11		390			439			28
85	78	109	18		496			527			26
86	161	173	12		552			603			25
87	49	251	22		424			460			31
88	301	468	20		414			455			23
89	408	450	36		446			483			30
90	470	321	50		443			498			30
91	475	135	10		300			353			31
92	197	48	26		287			332			31
93	308	225	24		522			553			27
94	306	377	19		484			527			20
95	41	177	18		408			452			27
96	336	150	49		651			719			24
97	248	162	44		173			235			22
98	350	74	28		390			460			26
99	427	24	30		451			481			19
100	317	322	25		547			577			25
101	71	58	42		321			366			24
102	394	210	40		493			548			32
103	152	268	31		419			452			29
104	129	200	16		366			430			32
105	412	148	36		176			247			23
106	488	401	15		418			487			30
107	316	386	30		405			456			30
108	204	55	47		311			353			19
109	68	116	48		392			441			34
110	470	220	23		597			656			25
111	405	317	50		394			443			27
112	50	143	39		406			460			28
113	378	383	25		371			403			22
114	486	173	40		405			460			24
115	269	231	41		204			269			31
116	133	269	27		461			495			26
117	476	330	12		520			578			26
118	111	21	25		309			368			28
119	446	47	19		644			694			29
120	214	372	13		388			418			22
121	443	327	42		406			440			26
122	323	435	35		395			445			20
123	271	189	24		208			271			25
124	486	346	50		507			552			21
125	454	289	38		598			635			33
126	292	262	48		482			546			29
127	273	259	46		232			268			25
128	199	274	13		287			322			28
129	386	51	21		718			785			26
130	410	102	16		466			527			28
131	452	193	17		298			340			27
132	73	206	25		346			395			27
133	242	203	27		240			292			28
134	200	385	34		456			492			33
135	239	256	30		385			438			30
136	406	464	46		386			419			30
137	236	26	12		195			257			30
138	493	319	35		341			383			30
139	330	373	27		408			449			27
140	430	148	12		300			342			25
141	121	170	21		485			524			27
142	250	181	49		453			497			31
143	177	183	24		338			397			25
144	392	56	31		121			155			27
145	99	83	29		428			482			27
146	90	25	28		480			525			30
147	402	327	23		487			541			28
148	155	227	39		501			572			21
149	391	298	35		453			486			25
150	204	27	29		503			573			24
151	124	71	29		381			438			26
152	352	91	18		712			757			31
153	169	132	46		510			571			29
154	107	35	38		370			410			30
155	302	41	14		121			155			23
156	477	358	40		475			505			33
157	248	162	13		245			314			24
158	360	250	43		412			449			33
159	194	210	33		516			574			28
160	446	294	19		263			302			20
161	120	343	46		431			485			21
162	444	415	22		363			402			34
163	253	320	46		413			482			26
164	378	395	35		461			499			25
165	214	386	17		376			406			28
166	398	22	21		296			352			30
167	319	336	28		401			438			25
168	249	137	13		655			699			24
169	468	198	32		143			209			36
170	189	214	41		492			528			25
171	395	156	29		511			560			24
172	195	337	43		430			467			26
173	356	215	50		240			274			28
174	240	367	13		359			428			25
175	245	146	34		363			420			23
176	224	155	22		438			473			33
177	372	114	32		339			405			28
178	86	46	41		489			545			27
179	242	46	30		582			630			25
180	258	9	38		193			243			28
181	287	412	50		458			490			31
182	238	14	34		331			396			26
183	232	109	10		479			534			28
184	497	185	19		446			498			23
185	204	67	35		176			241			25
186	287	246	38		479			513			25
187	433	12	12		645			688			30
188	283	204	36		485			551			26
189	0	95	34		415			446			28
190	104	179	38		320			367			32
191	420	105	36		347			400			25
192	375	2	10		290			344			23
193	471	335	24		354			423			29
194	351	239	31		178			224			26
195	406	342	22		503			569			25
196	233	238	35		572			620			27
197	456	301	13		522			578			24
198	257	116	10		148			201			35
199	61	145	20		392			437			28
200	70	255	20		372			423			30
201	378	356	23		303			345			29
202	293	69	18		84			149			24
203	288	376	26		311			363			26
204	306	372	14		300			368			31
205	388	118	30		326			377			28
206	114	302	44		397			444			27
207	336	45	47		320			360			26
208	155	116	46		520			559			31
209	163	113	42		519			553			23
210	102	270	21		428			491			29
211	467	300	12		490			543			26
212	480	433	38		405			476			28
213	188	344	47		434			474			26
214	474	488	17		400			445			34
215	474	240	36		401			460			28
216	119	158	34		517			549			23
217	379	45	22		24			69			30
218	199	363	40		430			467			24
219	490	481	34		396			427			26
220	277	195	40		185			250			25
221	60	48	29		411			449			35
222	219	185	28		393			460			30
223	347	368	41		390			421			32
224	345	74	38		670			710			24
225	90	189	14		363			406			29
226	366	427	24		444			505			34
227	238	277	50		277			339			33
228	376	413	16		322			389			29
229	473	76	34		263			333			22
230	204	22	16		488			526			29
231	311	287	42		357			397			28
232	480	2	20		695			764			29
233	129	31	13		316			381			25
234	454	241	49		298			333			28
235	244	198	47		515			578			24
236	146	96	34		280			324			25
237	466	104	22		368			428			28
238	377	268	35		183			224			27
239	296	382	19		450			483			31
240	259	176	21		212			266			24
241	360	111	41		266			310			30
242	394	372	24		336			377			30
243	496	357	26		444			486			24
244	326	60	21		224			275			25
245	406	277	33		455			494			30
246	7	170	38		385			452			30
247	149	54	39		368			423			21
248	159	296	35		420			458			28
249	149	123	11		292			340			30
250	477	285	46		576			622			29
251	136	2	11		453			523			34
252	418	14	24		344			405			27
253	319	408	31		329			382			27
average service time: 27.237154 - average time window width: 49.446640 - average demand: 30.217391
