Inst159_LNS_Random.txt
runtime: 838.456645
	VEHICLE
	NUMBER		CAPACITY
	207			150

CUSTOMERS
CUST ID	 XCOORD	 YCOORD	 DEMAND	 START TIME WINDOW	 END TIME WINDOW	 SERVICE TIME

0	398	454	0		0			900			0
1	269	483	31		688			719			27
2	215	324	21		397			438			27
3	471	134	20		328			379			25
4	222	77	15		421			459			25
5	316	178	10		430			454			23
6	369	404	42		296			316			24
7	325	247	37		395			432			23
8	465	68	37		452			483			18
9	386	90	49		455			475			23
10	182	390	19		203			258			22
11	99	405	25		494			525			25
12	274	102	14		382			431			28
13	255	203	25		501			543			23
14	304	203	15		499			526			19
15	177	203	31		423			482			17
16	218	223	30		518			576			20
17	40	440	46		355			396			28
18	328	142	14		382			424			21
19	290	307	37		508			560			19
20	171	95	25		414			450			22
21	443	255	31		255			294			22
22	460	122	23		340			401			21
23	94	402	15		351			387			18
24	286	324	16		609			667			24
25	29	370	22		409			434			28
26	273	161	19		426			467			19
27	7	328	36		386			444			20
28	481	412	14		514			546			20
29	406	391	23		515			563			16
30	57	287	33		449			487			22
31	291	51	42		397			443			24
32	280	256	46		623			645			19
33	330	125	49		319			369			22
34	400	196	16		268			315			26
35	356	343	10		296			341			19
36	464	63	33		414			460			24
37	340	247	34		185			255			20
38	404	117	19		358			397			20
39	314	229	38		430			475			25
40	101	260	50		355			393			25
41	341	437	35		70			118			20
42	122	292	34		495			521			24
43	70	459	15		345			398			17
44	452	435	17		538			564			21
45	327	188	19		430			486			26
46	171	458	36		577			609			17
47	404	270	50		449			509			28
48	314	274	20		470			497			24
49	125	317	48		375			443			21
50	351	137	26		419			441			18
51	434	186	47		542			568			24
52	111	244	35		464			516			25
53	357	121	27		412			458			23
54	394	242	24		181			245			25
55	370	378	33		259			326			22
56	102	242	24		347			394			22
57	401	480	42		95			119			25
58	113	320	36		387			441			22
59	22	287	38		400			451			24
60	72	239	40		450			479			29
61	474	384	47		643			663			19
62	221	244	31		565			587			27
63	204	376	17		263			320			27
64	369	327	21		575			609			24
65	463	465	14		431			484			20
66	169	443	33		486			516			21
67	189	398	36		357			428			26
68	433	221	44		402			423			24
69	99	203	33		410			478			25
70	14	332	35		406			444			29
71	232	377	26		357			379			24
72	235	282	41		429			476			24
73	379	212	22		552			572			24
74	338	250	34		428			477			23
75	319	486	27		128			156			21
76	301	63	32		407			457			24
77	217	97	21		401			443			20
78	73	359	30		460			526			21
79	152	436	23		532			600			18
80	389	449	43		475			527			27
81	145	378	30		433			490			25
82	399	214	33		252			305			26
83	283	490	32		392			441			21
84	167	183	24		488			513			21
85	122	383	17		278			335			24
86	265	73	44		432			452			26
87	222	290	43		598			620			24
88	174	440	16		479			527			28
89	78	392	49		475			496			20
90	484	131	44		417			456			20
91	296	473	13		341			381			20
92	184	263	21		398			454			26
93	225	414	31		451			511			21
94	51	447	25		430			480			17
95	214	158	37		459			505			23
96	187	190	35		478			528			23
97	434	355	21		228			260			21
98	497	466	37		173			209			19
99	290	284	48		382			412			17
100	427	425	36		664			714			24
101	184	368	46		373			428			26
102	256	284	14		387			447			21
103	307	457	27		570			624			19
104	489	323	23		363			414			21
105	378	281	46		441			492			28
106	392	33	34		393			451			22
107	317	278	24		197			218			24
108	432	301	28		224			280			26
109	360	262	49		399			450			24
110	251	330	11		601			641			26
111	315	254	38		356			425			27
112	259	219	40		553			599			21
113	428	452	49		435			500			22
114	200	248	13		318			358			24
115	266	232	35		244			310			21
116	432	394	24		105			174			26
117	440	198	40		481			530			24
118	230	149	27		489			519			26
119	372	212	31		307			346			23
120	93	480	49		493			513			27
121	266	334	26		512			540			22
122	456	497	19		742			765			23
123	154	267	30		415			441			23
124	61	204	45		396			454			26
125	66	306	44		367			421			22
126	219	289	15		508			553			30
127	7	320	18		418			443			29
128	166	360	49		416			438			28
129	181	252	18		396			429			16
130	480	195	36		242			302			28
131	459	177	39		389			433			21
132	406	463	22		549			588			17
133	385	57	30		428			460			21
134	273	64	39		430			461			22
135	62	487	39		355			388			27
136	378	273	38		542			611			26
137	349	196	34		525			549			24
138	160	417	23		355			417			20
139	477	388	40		636			689			24
140	189	288	37		256			316			22
141	493	399	18		420			442			19
142	284	62	32		438			472			19
143	420	279	36		318			353			28
144	43	288	27		410			453			28
145	332	466	31		101			163			23
146	238	351	32		611			682			24
147	219	335	17		535			587			27
148	79	374	19		486			512			22
149	78	219	21		395			455			22
150	474	472	29		358			400			22
151	462	239	23		600			624			26
152	317	251	37		317			346			19
153	321	498	39		121			154			27
154	298	422	33		700			754			26
155	303	118	38		357			421			22
156	234	269	36		448			498			24
157	245	196	35		326			359			22
158	298	72	41		387			430			25
159	222	365	31		182			235			27
160	264	264	45		447			508			29
161	254	196	33		388			439			17
162	220	169	47		431			486			18
163	190	204	49		503			532			28
164	254	381	27		191			262			25
165	351	84	25		385			440			25
166	497	182	39		419			457			19
167	255	181	45		454			519			24
168	453	419	31		750			792			18
169	287	262	41		241			294			20
170	283	414	15		307			370			23
171	465	430	49		83			132			25
172	249	275	14		296			344			24
173	314	400	18		327			364			24
174	151	239	41		317			374			20
175	431	133	35		467			490			24
176	405	156	18		323			384			28
177	345	215	19		425			495			17
178	231	299	50		251			317			23
179	460	462	33		488			556			22
180	124	380	25		321			352			22
181	224	87	28		399			435			25
182	337	204	39		477			503			25
183	339	224	38		308			371			23
184	210	305	39		280			343			17
185	472	125	19		440			480			23
186	110	312	15		511			531			22
187	421	142	24		413			464			22
188	418	179	15		258			311			21
189	168	213	11		305			372			25
190	398	186	44		299			357			24
191	166	136	25		409			471			23
192	477	69	49		415			456			24
193	70	251	42		383			414			21
194	187	144	11		369			440			26
195	381	127	17		435			459			23
196	258	461	31		665			718			24
197	298	372	47		414			483			23
198	208	162	12		431			497			26
199	356	496	30		569			601			19
200	137	214	30		430			484			23
201	68	229	24		401			466			28
202	33	399	29		434			482			17
203	110	177	39		414			462			20
204	500	43	37		419			457			19
205	320	352	36		196			250			20
206	102	365	44		463			484			22
207	480	218	35		366			420			24
average service time: 22.942029 - average time window width: 44.869565 - average demand: 30.806763
