Inst106_LNS_Random.txt
runtime: 759.557349
	VEHICLE
	NUMBER		CAPACITY
	258			150

CUSTOMERS
CUST ID	 XCOORD	 YCOORD	 DEMAND	 START TIME WINDOW	 END TIME WINDOW	 SERVICE TIME

0	153	333	0		0			900			0
1	377	51	17		441			498			30
2	485	140	45		447			471			30
3	347	436	34		552			604			30
4	258	314	48		343			421			28
5	463	355	43		276			344			29
6	386	109	41		473			535			29
7	455	249	28		514			549			27
8	310	462	31		391			449			30
9	295	95	11		409			477			28
10	164	478	37		237			278			30
11	168	255	42		57			134			33
12	358	246	22		285			316			30
13	477	411	21		364			398			27
14	116	170	20		340			372			31
15	285	147	26		267			290			27
16	75	405	44		588			618			31
17	162	349	12		127			162			30
18	93	100	21		386			454			29
19	489	500	35		455			490			27
20	328	287	13		323			355			31
21	264	292	18		112			159			30
22	371	172	47		354			386			33
23	83	455	33		501			567			29
24	423	426	29		500			565			30
25	335	328	38		171			228			32
26	45	206	22		602			625			29
27	476	227	14		332			373			30
28	460	248	15		344			372			30
29	384	56	18		398			424			29
30	142	459	38		193			232			31
31	33	311	27		120			195			30
32	146	216	27		504			562			32
33	69	226	44		130			206			31
34	438	409	14		340			376			31
35	137	444	23		144			190			33
36	180	324	25		710			768			29
37	93	119	13		355			408			32
38	76	370	26		259			319			33
39	424	240	13		445			518			28
40	229	427	40		260			283			27
41	244	315	34		239			316			28
42	194	249	18		691			741			31
43	14	274	46		537			564			30
44	77	362	46		334			409			32
45	0	240	45		220			257			31
46	439	401	19		476			549			30
47	198	291	37		560			591			32
48	56	22	38		459			499			33
49	241	63	37		405			430			28
50	19	409	14		438			468			32
51	263	132	29		223			260			28
52	325	69	47		434			500			28
53	214	390	20		144			215			28
54	205	366	38		568			624			32
55	64	357	42		324			397			33
56	194	474	35		422			467			30
57	33	242	42		558			597			30
58	112	382	15		439			516			32
59	346	276	25		479			534			30
60	329	448	49		275			303			32
61	319	398	14		189			222			29
62	60	315	27		565			619			31
63	280	393	20		498			527			28
64	68	287	11		408			461			31
65	56	171	29		398			448			32
66	335	186	21		472			547			31
67	10	246	49		519			552			28
68	204	225	11		633			678			32
69	402	222	38		425			484			31
70	493	235	10		349			384			28
71	287	433	35		432			486			29
72	31	369	38		188			227			31
73	467	469	24		418			480			26
74	127	196	31		394			469			31
75	315	130	46		541			595			30
76	254	189	20		298			345			30
77	160	110	11		203			243			29
78	82	6	32		458			534			30
79	218	232	28		643			702			31
80	88	112	17		377			424			29
81	12	219	36		585			648			27
82	18	402	20		432			459			30
83	10	77	42		424			475			30
84	117	197	18		505			552			28
85	462	87	36		384			447			28
86	462	337	27		375			447			28
87	76	473	12		253			292			30
88	375	429	46		411			454			30
89	129	291	15		621			647			31
90	194	364	45		35			104			33
91	335	301	20		424			470			28
92	373	206	32		475			526			31
93	56	165	30		322			393			29
94	264	449	16		194			236			28
95	346	346	48		481			546			30
96	390	380	33		472			520			30
97	357	53	13		367			436			26
98	466	90	34		408			445			29
99	359	450	42		530			566			27
100	314	192	36		526			563			30
101	480	367	30		312			375			30
102	24	318	37		570			608			32
103	398	51	23		459			491			30
104	269	206	46		263			340			29
105	376	415	50		302			336			31
106	395	230	33		316			386			29
107	260	361	14		156			228			31
108	183	374	28		21			89			29
109	113	138	22		409			485			31
110	41	167	18		632			660			28
111	255	121	13		442			477			32
112	291	480	38		510			583			31
113	417	375	31		429			473			29
114	328	130	46		483			508			31
115	245	17	17		313			373			30
116	155	470	39		341			375			29
117	44	476	43		379			456			29
118	63	155	38		314			384			31
119	367	186	42		292			321			28
120	465	404	14		458			512			26
121	287	214	20		306			369			30
122	103	137	10		361			409			32
123	460	389	34		373			399			27
124	383	345	45		533			605			31
125	205	314	29		746			801			31
126	127	299	43		292			359			33
127	25	372	24		514			567			30
128	316	125	36		479			550			32
129	100	247	30		388			449			28
130	116	392	27		458			507			30
131	430	154	36		368			423			34
132	25	49	33		389			437			30
133	187	148	15		160			225			29
134	109	413	13		401			469			29
135	273	339	23		478			513			28
136	287	373	35		685			722			33
137	282	128	19		484			555			31
138	484	231	16		400			448			29
139	66	412	16		458			523			31
140	178	329	22		749			796			28
141	393	311	37		390			429			31
142	121	216	45		222			261			32
143	208	219	37		369			400			29
144	90	1	42		365			402			27
145	127	91	33		473			506			30
146	323	105	49		424			481			29
147	442	458	12		456			483			33
148	124	295	24		143			195			27
149	402	41	13		436			472			29
150	362	293	47		230			308			31
151	66	270	47		308			357			31
152	297	477	49		318			376			30
153	489	326	29		364			436			29
154	333	266	15		467			506			33
155	27	438	13		414			467			26
156	75	154	41		454			530			30
157	99	103	16		535			575			29
158	420	163	13		462			495			30
159	174	348	13		146			185			33
160	286	471	24		225			266			31
161	443	70	45		389			441			30
162	447	261	39		517			546			26
163	355	386	33		499			566			30
164	283	312	44		427			502			30
165	451	134	34		410			476			29
166	406	26	40		431			467			32
167	437	266	30		303			348			31
168	179	393	27		536			563			31
169	17	133	16		336			391			30
170	483	468	47		381			430			27
171	9	395	18		609			653			29
172	210	73	19		517			559			33
173	343	129	31		440			506			30
174	179	117	50		592			616			29
175	356	208	49		530			567			31
176	12	370	31		184			257			31
177	365	0	16		394			449			29
178	278	257	34		195			232			30
179	341	339	24		210			235			28
180	77	158	38		644			678			29
181	117	345	32		105			169			30
182	15	57	11		344			415			32
183	460	496	20		378			455			31
184	163	158	40		358			417			30
185	22	267	45		510			566			34
186	332	311	32		532			586			27
187	403	260	19		470			532			30
188	454	478	16		396			473			31
189	0	85	40		349			399			29
190	63	111	11		535			592			29
191	80	193	49		271			344			30
192	435	106	45		445			475			30
193	197	403	12		155			187			29
194	195	131	22		215			267			29
195	385	86	36		327			367			31
196	169	107	24		261			331			30
197	149	224	25		219			258			27
198	129	262	17		179			232			31
199	366	333	50		476			516			31
200	406	254	23		378			409			30
201	101	72	13		518			572			30
202	427	383	46		510			542			31
203	381	211	19		428			498			29
204	389	215	27		540			584			30
205	148	333	21		223			287			28
206	219	345	44		173			208			29
207	324	48	27		328			363			33
208	45	85	14		485			548			32
209	360	472	24		279			319			31
210	306	212	18		555			597			28
211	374	26	32		424			455			29
212	76	405	18		427			452			28
213	381	402	49		416			484			31
214	158	496	14		198			274			28
215	290	248	39		334			384			29
216	403	72	38		382			456			29
217	113	323	30		384			413			29
218	17	239	41		234			296			32
219	204	300	20		467			520			31
220	403	341	24		517			568			29
221	210	177	20		309			339			32
222	242	54	32		332			380			30
223	56	396	11		582			653			28
224	380	352	16		371			434			30
225	75	350	14		359			415			26
226	282	246	21		149			184			29
227	214	117	20		563			628			32
228	299	403	29		363			392			31
229	425	19	13		390			445			33
230	127	344	21		411			477			27
231	95	428	11		255			282			30
232	315	268	30		334			386			33
233	431	105	47		403			455			30
234	312	147	20		398			428			32
235	254	319	37		447			478			28
236	281	173	30		538			585			29
237	376	188	17		281			321			29
238	76	254	17		578			623			29
239	223	173	30		600			654			33
240	58	236	11		499			554			28
241	217	46	50		407			450			33
242	133	498	18		171			197			34
243	351	232	23		509			580			32
244	141	379	25		314			351			28
245	117	416	42		660			735			32
246	323	91	36		310			348			29
247	30	215	16		478			524			26
248	120	188	47		457			483			28
249	458	91	23		439			474			26
250	245	259	17		331			369			34
251	196	268	15		555			581			30
252	121	15	39		448			515			28
253	353	109	44		442			510			29
254	137	149	41		185			249			32
255	32	424	32		627			678			28
256	218	491	14		483			539			31
257	124	78	23		241			281			29
258	110	228	17		689			725			31
average service time: 29.918605 - average time window width: 49.860465 - average demand: 28.728682
