Inst75_LNS_Random.txt
runtime: 805.957778
	VEHICLE
	NUMBER		CAPACITY
	268			150

CUSTOMERS
CUST ID	 XCOORD	 YCOORD	 DEMAND	 START TIME WINDOW	 END TIME WINDOW	 SERVICE TIME

0	439	463	0		0			900			0
1	423	493	11		376			428			29
2	150	261	21		419			469			28
3	449	255	36		194			239			36
4	166	326	46		291			343			22
5	368	454	19		246			297			30
6	57	450	18		424			465			41
7	290	297	42		414			468			17
8	489	357	28		676			720			29
9	260	282	26		402			451			25
10	477	90	34		367			428			25
11	369	308	13		191			229			36
12	446	111	19		341			378			45
13	136	442	41		358			406			27
14	150	466	19		415			456			28
15	114	225	21		421			474			22
16	27	471	43		390			434			29
17	150	436	27		289			339			31
18	232	135	17		386			425			20
19	77	406	47		381			423			18
20	132	432	14		415			462			34
21	351	456	40		454			494			29
22	215	318	33		434			472			45
23	491	450	41		312			357			29
24	271	277	39		351			387			25
25	133	271	50		400			448			31
26	198	290	19		448			507			17
27	443	238	33		379			419			26
28	386	118	19		399			451			28
29	332	403	12		411			452			31
30	332	275	48		309			355			43
31	470	165	41		441			498			29
32	324	143	48		320			367			36
33	345	114	15		455			509			13
34	206	412	10		225			278			27
35	277	290	37		235			277			22
36	172	304	35		487			537			32
37	199	233	29		416			468			28
38	234	338	43		307			353			17
39	367	349	35		126			186			30
40	234	465	48		429			482			35
41	452	167	23		475			523			17
42	338	252	33		405			453			27
43	271	257	39		243			303			23
44	393	494	43		491			545			35
45	261	248	25		457			503			34
46	311	387	32		490			546			26
47	329	299	18		394			455			32
48	369	420	40		437			490			36
49	412	442	35		328			365			33
50	324	404	28		496			544			31
51	91	350	39		338			392			35
52	227	256	32		376			436			31
53	479	64	45		428			466			27
54	359	296	23		559			603			32
55	57	348	11		397			444			44
56	125	331	32		379			432			32
57	310	232	18		426			485			30
58	400	445	39		525			581			28
59	117	248	40		403			444			31
60	393	114	18		338			375			38
61	303	100	19		369			414			18
62	146	420	15		451			497			27
63	459	339	13		517			570			28
64	461	315	12		670			731			18
65	412	413	49		250			303			22
66	408	268	39		304			356			18
67	410	409	48		648			705			32
68	265	322	46		419			464			22
69	43	358	22		413			461			30
70	244	246	15		430			475			32
71	210	172	16		432			472			29
72	461	393	36		248			302			15
73	98	430	48		489			525			30
74	103	356	28		461			503			28
75	289	291	43		278			318			21
76	279	110	22		406			453			39
77	415	253	47		425			466			28
78	125	291	36		347			400			31
79	164	297	11		384			440			28
80	458	180	50		470			509			15
81	477	175	20		449			490			28
82	289	263	41		567			619			28
83	167	227	27		458			497			27
84	428	111	13		409			466			34
85	469	332	15		511			569			33
86	364	469	22		147			192			36
87	150	298	26		307			366			23
88	240	414	18		389			445			34
89	133	500	30		469			523			18
90	387	268	26		625			666			27
91	158	304	31		480			520			13
92	236	403	14		218			273			42
93	102	243	27		411			450			21
94	467	58	40		417			469			24
95	108	238	44		417			466			30
96	182	344	34		425			462			12
97	291	126	41		347			396			42
98	376	286	26		308			359			27
99	262	467	27		330			387			31
100	310	129	39		339			382			31
101	136	388	30		347			386			36
102	147	471	17		352			407			37
103	404	309	24		643			691			32
104	139	312	36		354			391			28
105	330	255	19		456			501			32
106	242	152	22		385			428			30
107	387	143	36		438			490			20
108	404	251	36		415			473			34
109	275	465	17		197			247			39
110	428	221	15		342			397			23
111	328	392	14		390			433			20
112	289	242	50		384			422			19
113	108	304	42		426			484			28
114	178	301	41		352			401			14
115	489	356	33		651			704			24
116	270	493	43		218			255			21
117	487	332	27		303			339			35
118	424	189	29		390			442			33
119	289	291	13		582			641			25
120	324	356	35		422			463			20
121	130	492	40		313			357			33
122	397	109	25		367			428			30
123	479	491	18		484			525			14
124	495	341	14		271			307			24
125	220	239	20		406			452			39
126	337	364	17		598			657			27
127	368	225	33		312			362			41
128	198	225	28		359			404			24
129	368	247	30		420			456			27
130	205	388	13		390			449			23
131	299	437	41		365			425			42
132	302	280	13		510			566			40
133	156	311	28		307			355			34
134	170	390	50		269			306			22
135	469	99	46		360			413			29
136	273	189	27		446			503			38
137	466	382	23		146			201			45
138	457	482	15		204			242			32
139	253	426	48		344			390			36
140	339	335	21		576			636			27
141	105	420	29		424			461			26
142	197	496	17		227			281			19
143	418	306	35		346			389			28
144	497	95	36		411			463			18
145	90	386	40		331			384			24
146	460	79	17		357			414			29
147	372	72	42		369			423			35
148	64	478	49		356			399			35
149	198	343	21		517			564			25
150	202	457	15		551			604			29
151	201	356	47		406			459			29
152	166	226	34		432			484			25
153	286	229	44		505			558			32
154	175	494	40		244			288			22
155	163	376	23		373			417			18
156	232	143	30		373			420			33
157	437	436	35		549			603			41
158	302	303	50		240			288			21
159	393	62	35		410			466			18
160	285	135	45		403			458			42
161	153	372	40		520			578			22
162	393	80	15		396			442			40
163	45	417	48		400			438			27
164	409	451	42		586			628			27
165	389	439	43		251			309			44
166	285	202	49		360			404			29
167	442	199	21		365			425			24
168	73	269	16		391			452			20
169	367	127	33		432			484			29
170	428	280	31		571			630			28
171	53	438	20		388			435			12
172	212	357	50		290			332			22
173	395	180	27		395			453			23
174	141	408	30		480			528			23
175	434	111	32		434			492			34
176	300	455	38		254			300			26
177	436	497	11		77			118			26
178	181	234	36		384			433			24
179	188	134	41		412			450			28
180	81	491	25		395			443			32
181	356	219	14		468			510			23
182	458	266	40		461			522			34
183	154	440	27		366			423			26
184	143	232	48		398			447			29
185	246	482	38		180			227			26
186	93	324	19		440			495			16
187	296	401	22		211			261			22
188	223	125	12		387			428			19
189	337	133	48		345			383			21
190	117	486	39		349			389			17
191	143	261	24		387			436			20
192	366	114	34		382			440			41
193	309	449	27		662			700			22
194	289	493	32		622			661			25
195	390	203	31		317			371			18
196	381	135	42		366			413			33
197	79	469	46		426			470			20
198	250	128	26		385			434			42
199	406	97	11		430			470			34
200	211	308	30		461			497			43
201	165	392	20		530			571			28
202	167	404	28		301			341			39
203	68	261	45		406			449			18
204	23	406	41		405			452			24
205	366	355	14		475			514			29
206	245	237	13		492			537			17
207	189	163	35		398			437			43
208	492	175	19		400			444			34
209	467	436	19		259			306			31
210	55	325	22		395			449			23
211	179	355	48		270			308			23
212	301	181	32		481			542			38
213	176	344	29		497			553			34
214	311	70	18		405			447			30
215	355	116	44		389			445			42
216	458	345	39		133			190			19
217	476	477	44		394			445			27
218	304	470	32		653			700			38
219	156	489	26		420			470			17
220	472	334	41		447			503			14
221	177	342	46		502			562			28
222	255	144	39		420			470			33
223	187	474	15		228			276			24
224	84	420	45		436			479			18
225	365	192	47		461			517			34
226	237	364	20		459			518			31
227	334	492	49		99			145			29
228	321	130	27		361			414			35
229	340	123	48		393			453			35
230	385	426	36		532			577			37
231	271	470	24		250			300			24
232	96	332	44		436			487			36
233	145	244	29		391			447			31
234	113	499	41		307			359			22
235	356	266	13		354			397			24
236	327	293	21		532			592			31
237	161	403	50		341			386			28
238	483	230	13		307			358			32
239	128	374	35		437			473			29
240	488	345	21		555			596			24
241	444	265	46		428			484			23
242	292	277	47		405			460			38
243	271	461	34		555			599			39
244	85	495	38		458			505			23
245	381	486	12		215			260			27
246	119	305	28		374			414			22
247	311	292	44		608			646			20
248	289	87	13		420			465			27
249	234	130	15		407			456			40
250	131	211	29		384			429			43
251	147	254	38		335			384			32
252	114	490	12		435			490			14
253	180	215	18		334			386			35
254	205	274	40		320			372			16
255	249	246	44		321			363			18
256	366	198	48		380			434			41
257	435	249	18		458			507			22
258	462	179	28		448			492			20
259	395	298	50		229			273			28
260	444	298	20		254			290			13
261	340	392	41		595			640			20
262	443	149	12		430			486			26
263	159	327	23		355			395			21
264	261	310	47		268			306			42
265	495	363	40		198			259			26
266	447	441	41		774			822			31
267	167	242	25		361			401			45
268	487	426	13		286			322			21
average service time: 28.216418 - average time window width: 48.313433 - average demand: 30.645522
