Inst177_LNS_Random.txt
runtime: 922.705758
	VEHICLE
	NUMBER		CAPACITY
	288			150

CUSTOMERS
CUST ID	 XCOORD	 YCOORD	 DEMAND	 START TIME WINDOW	 END TIME WINDOW	 SERVICE TIME

0	6	444	0		0			900			0
1	260	444	35		262			318			20
2	96	332	23		448			496			23
3	104	170	33		385			449			30
4	391	393	18		384			440			30
5	8	397	21		144			187			21
6	303	387	35		458			523			23
7	79	357	32		374			417			27
8	222	153	43		421			473			20
9	230	337	20		537			611			24
10	99	422	36		649			717			30
11	133	79	17		402			476			31
12	64	476	11		223			278			21
13	212	84	34		394			444			37
14	26	215	23		309			371			27
15	211	423	29		201			256			37
16	371	281	28		380			425			25
17	206	152	12		434			497			26
18	11	209	23		408			457			25
19	316	404	24		297			346			21
20	161	97	28		400			454			25
21	153	267	12		416			470			21
22	36	449	10		59			99			25
23	67	146	41		337			377			17
24	189	168	29		458			502			28
25	95	162	37		504			553			24
26	25	404	46		413			474			23
27	107	445	20		77			144			20
28	190	234	35		465			524			18
29	234	307	21		357			402			26
30	154	85	50		400			456			31
31	66	439	25		722			794			26
32	165	365	11		631			672			28
33	321	266	20		353			405			23
34	125	406	18		487			539			34
35	150	179	47		330			402			28
36	227	119	13		396			458			27
37	209	496	17		432			499			29
38	111	132	38		315			356			31
39	81	194	47		497			551			25
40	89	176	49		269			327			34
41	48	396	10		686			728			18
42	9	316	32		681			733			27
43	204	339	18		248			320			27
44	93	410	38		391			459			28
45	232	222	15		372			428			16
46	165	149	31		446			495			28
47	217	317	36		497			562			21
48	98	266	37		239			303			31
49	331	194	50		397			441			16
50	22	419	10		410			473			19
51	242	125	40		377			439			33
52	76	98	35		396			449			27
53	302	240	31		374			428			31
54	218	286	35		254			304			16
55	223	352	30		317			361			33
56	24	112	26		482			523			26
57	83	91	38		381			433			23
58	39	385	32		57			129			19
59	40	273	42		454			491			31
60	212	162	47		438			491			32
61	70	184	24		253			309			24
62	216	256	26		334			381			27
63	152	456	22		623			662			29
64	235	341	38		468			507			25
65	206	354	48		346			390			21
66	206	423	24		567			622			29
67	29	37	22		384			446			34
68	383	464	39		419			480			29
69	316	486	34		482			529			23
70	374	435	23		412			452			33
71	164	92	41		422			486			25
72	283	281	47		421			492			24
73	187	466	49		432			505			31
74	93	62	44		385			446			35
75	370	469	35		464			501			27
76	39	104	47		397			440			20
77	192	146	42		369			416			18
78	95	393	44		606			672			21
79	346	337	22		397			450			27
80	302	214	25		388			456			24
81	140	461	47		182			236			25
82	143	155	39		381			433			28
83	199	306	22		322			368			32
84	315	486	37		302			358			25
85	264	488	36		488			533			31
86	298	385	29		482			555			23
87	142	441	41		489			532			30
88	255	438	12		307			377			22
89	166	432	43		149			217			27
90	206	321	16		230			272			25
91	275	176	19		346			412			28
92	111	240	25		528			602			24
93	169	407	11		590			636			30
94	376	350	25		416			453			27
95	117	396	18		402			468			26
96	282	260	27		394			431			28
97	240	392	44		491			556			27
98	341	436	15		310			377			27
99	294	194	49		402			467			23
100	25	202	32		327			401			15
101	414	443	29		378			440			21
102	153	454	35		565			611			26
103	106	321	46		183			234			25
104	239	358	31		382			455			24
105	383	443	16		402			460			23
106	31	315	17		652			712			26
107	333	431	25		452			503			19
108	134	460	15		664			726			22
109	8	464	37		702			770			29
110	316	500	45		368			418			20
111	269	129	47		407			448			34
112	110	307	32		373			427			27
113	74	51	11		397			463			17
114	319	298	16		455			499			28
115	404	462	18		405			449			20
116	303	274	39		471			510			19
117	328	294	32		390			439			20
118	255	321	14		488			552			31
119	6	168	25		423			476			19
120	2	179	38		403			470			24
121	123	116	40		422			471			21
122	178	435	49		150			200			28
123	26	73	44		391			429			27
124	201	388	26		408			472			35
125	131	377	37		484			532			34
126	405	492	22		405			469			27
127	23	479	33		528			590			28
128	3	325	45		472			523			16
129	104	349	35		279			337			25
130	281	377	11		359			434			23
131	94	369	24		109			166			22
132	188	238	23		316			385			27
133	221	366	41		346			408			20
134	297	379	39		536			579			21
135	231	427	17		579			652			20
136	386	377	16		348			422			33
137	37	323	13		357			404			21
138	292	433	16		345			388			23
139	158	233	15		250			311			26
140	85	250	28		501			565			35
141	178	77	39		389			452			32
142	1	373	26		314			378			36
143	172	105	25		418			464			26
144	229	194	27		312			367			26
145	317	407	13		424			476			31
146	38	408	22		746			790			29
147	404	441	16		382			438			32
148	39	319	23		232			288			19
149	261	283	28		286			354			29
150	133	398	23		681			721			23
151	269	498	24		416			475			32
152	291	485	20		403			449			29
153	338	423	21		338			400			32
154	107	463	48		426			468			32
155	305	370	44		499			549			15
156	164	327	10		398			473			24
157	32	427	22		370			442			35
158	74	466	28		661			702			32
159	226	268	20		473			529			33
160	148	358	34		479			529			22
161	99	485	49		311			364			27
162	312	246	23		381			450			18
163	379	383	34		419			490			26
164	100	267	11		210			255			26
165	54	499	10		541			615			22
166	70	384	38		651			704			25
167	322	466	32		477			545			27
168	353	499	21		325			393			33
169	67	190	12		525			586			33
170	173	120	35		395			436			26
171	253	126	12		418			469			20
172	148	403	39		430			486			28
173	160	249	35		251			294			28
174	18	88	41		433			477			26
175	144	396	10		635			685			21
176	58	270	18		202			268			21
177	159	312	31		350			409			28
178	77	205	23		417			490			26
179	41	218	40		540			587			26
180	165	51	48		403			450			18
181	14	123	33		392			461			18
182	154	401	17		331			387			29
183	226	245	37		438			495			18
184	239	162	23		439			486			34
185	345	353	50		324			385			20
186	82	241	49		586			649			26
187	147	227	37		429			482			33
188	92	365	25		494			566			33
189	252	119	20		390			438			25
190	304	319	48		471			521			22
191	132	417	23		423			479			25
192	207	220	25		367			405			25
193	272	213	35		375			416			31
194	95	137	25		347			409			25
195	366	343	15		386			430			29
196	49	411	25		618			677			25
197	298	252	39		314			384			21
198	258	284	10		270			335			36
199	19	371	21		357			416			32
200	94	128	45		428			469			36
201	254	382	35		346			395			25
202	55	381	17		67			118			37
203	171	292	40		269			310			31
204	79	158	42		506			543			21
205	432	467	22		408			446			27
206	266	424	30		233			287			30
207	53	227	13		543			581			20
208	76	300	26		380			439			37
209	145	395	44		623			663			28
210	392	406	27		433			475			33
211	164	466	37		222			264			26
212	322	307	13		445			518			24
213	305	222	22		396			436			23
214	43	90	41		348			391			20
215	350	325	31		430			502			28
216	72	368	31		120			162			23
217	210	481	14		494			567			29
218	398	430	36		388			447			24
219	411	363	31		391			446			21
220	128	423	36		415			463			19
221	121	405	41		417			467			24
222	35	179	28		499			543			15
223	176	325	37		335			405			32
224	262	272	42		450			503			18
225	316	248	39		405			444			25
226	294	388	33		506			564			26
227	160	208	13		407			460			28
228	51	156	43		441			478			25
229	23	204	36		422			471			19
230	264	325	10		502			545			33
231	170	458	24		381			451			22
232	71	178	16		452			502			20
233	193	342	17		542			597			30
234	156	422	19		565			633			22
235	174	265	43		330			396			29
236	112	478	41		589			664			26
237	181	222	21		450			491			33
238	229	133	25		382			426			36
239	260	364	39		366			417			16
240	281	440	31		442			502			20
241	281	314	50		289			345			30
242	90	311	45		505			567			32
243	12	376	16		686			723			25
244	17	92	40		321			391			24
245	97	417	16		299			365			31
246	149	431	33		544			585			31
247	233	234	23		427			464			28
248	356	453	18		428			472			21
249	48	336	31		488			555			24
250	397	500	18		409			455			27
251	150	148	10		377			439			37
252	96	239	21		203			262			28
253	286	342	42		286			323			24
254	301	347	41		295			370			20
255	351	223	12		384			444			27
256	90	243	19		543			617			24
257	312	366	21		292			367			18
258	324	215	27		409			465			27
259	92	35	31		403			455			27
260	294	499	49		386			425			26
261	120	367	43		663			710			23
262	75	142	31		382			437			29
263	49	485	33		207			256			31
264	142	237	23		258			319			27
265	278	318	32		437			496			24
266	221	316	10		362			411			29
267	20	453	40		170			225			25
268	194	446	12		575			632			20
269	104	450	14		456			495			28
270	148	484	20		469			524			29
271	168	381	48		564			625			24
272	170	169	49		506			545			23
273	117	477	15		169			229			16
274	260	427	27		256			303			28
275	269	239	38		311			365			17
276	215	83	38		409			464			16
277	5	336	42		200			239			24
278	43	363	12		342			386			26
279	35	99	16		363			413			29
280	110	416	14		639			683			18
281	39	435	45		738			791			20
282	231	283	15		507			564			32
283	55	342	43		636			691			30
284	171	267	17		570			620			20
285	98	65	33		383			457			32
286	55	269	15		403			442			34
287	318	411	30		392			429			35
288	109	424	10		672			717			26
average service time: 25.923611 - average time window width: 54.652778 - average demand: 29.027778
