Inst151_LNS_Random.txt
runtime: 1012.869990
	VEHICLE
	NUMBER		CAPACITY
	281			150

CUSTOMERS
CUST ID	 XCOORD	 YCOORD	 DEMAND	 START TIME WINDOW	 END TIME WINDOW	 SERVICE TIME

0	429	84	0		0			900			0
1	417	159	43		553			599			24
2	470	472	41		380			433			23
3	478	429	19		405			449			29
4	410	270	42		462			505			26
5	334	8	31		688			732			22
6	398	137	11		402			455			26
7	487	491	38		398			442			27
8	222	49	45		305			357			27
9	333	327	21		385			442			28
10	329	266	13		589			624			28
11	44	177	32		391			434			25
12	145	151	11		308			360			30
13	258	83	40		263			302			19
14	495	276	22		206			261			26
15	73	205	43		455			499			19
16	399	298	41		300			345			25
17	453	272	45		448			483			25
18	438	243	21		331			375			27
19	186	401	18		416			462			29
20	184	203	33		459			512			25
21	456	406	21		395			437			24
22	457	172	22		226			268			26
23	292	300	10		421			459			23
24	450	164	49		528			584			23
25	320	378	48		389			424			25
26	184	178	25		382			420			26
27	263	198	49		503			538			22
28	297	212	30		607			645			25
29	359	341	14		371			423			22
30	371	410	49		317			361			24
31	183	83	36		539			588			25
32	308	239	47		427			471			27
33	317	377	45		320			377			26
34	336	447	11		430			478			28
35	393	169	44		329			365			26
36	496	269	29		206			256			26
37	390	334	49		358			399			24
38	232	361	18		408			462			27
39	285	27	28		677			716			22
40	241	94	20		635			679			23
41	243	372	14		380			418			29
42	458	156	44		98			147			31
43	413	397	38		392			429			25
44	249	438	22		373			428			28
45	132	275	19		343			388			21
46	382	182	33		196			243			28
47	97	182	43		469			516			20
48	309	254	25		226			267			28
49	463	418	23		420			465			27
50	316	194	38		660			695			21
51	349	119	16		496			547			24
52	496	284	19		568			613			23
53	472	393	49		335			374			22
54	366	237	35		464			517			26
55	383	394	11		291			348			31
56	380	498	32		400			454			25
57	157	371	28		402			453			21
58	460	74	31		464			513			19
59	381	316	37		367			422			25
60	427	422	15		389			433			24
61	159	219	22		432			471			21
62	181	288	37		439			489			26
63	166	66	25		303			346			24
64	186	311	22		420			456			26
65	382	150	49		100			152			29
66	449	61	50		190			231			24
67	81	255	24		417			461			31
68	219	84	23		463			508			27
69	295	268	40		240			291			27
70	363	49	25		469			509			18
71	407	287	36		203			246			30
72	419	193	25		427			464			30
73	118	359	13		397			441			28
74	329	99	18		566			605			25
75	470	158	43		179			218			22
76	406	428	25		461			499			25
77	340	379	14		377			429			31
78	447	21	39		78			133			26
79	321	172	46		318			361			26
80	238	81	45		336			371			28
81	368	440	47		378			422			26
82	237	131	14		350			393			19
83	77	21	26		388			435			33
84	164	281	45		380			436			25
85	204	161	38		341			398			25
86	493	2	46		380			436			24
87	262	447	10		428			469			20
88	75	187	23		443			499			30
89	224	433	15		398			450			24
90	201	379	22		407			445			23
91	426	147	46		218			272			23
92	328	152	10		545			593			21
93	462	297	44		387			423			24
94	429	237	15		381			417			25
95	325	95	23		378			416			30
96	398	41	18		445			501			23
97	460	158	30		243			299			27
98	378	204	36		201			256			30
99	382	160	18		74			112			29
100	127	241	47		483			522			27
101	415	387	42		383			437			30
102	419	392	48		351			390			24
103	392	487	39		424			464			27
104	466	4	19		594			634			25
105	310	465	19		416			461			20
106	269	122	36		546			592			28
107	485	251	38		518			567			30
108	260	291	21		517			573			29
109	331	376	15		477			534			22
110	384	209	21		379			428			26
111	197	42	50		355			407			27
112	210	273	50		343			382			27
113	478	238	19		585			622			27
114	471	190	33		292			339			22
115	375	452	41		344			398			26
116	197	158	32		429			472			30
117	219	321	19		462			511			25
118	294	149	15		386			440			22
119	242	307	36		460			495			24
120	487	202	49		155			195			22
121	132	239	40		426			469			31
122	379	41	34		319			373			23
123	122	70	33		326			381			21
124	423	286	46		197			233			26
125	416	159	34		75			112			27
126	353	237	29		396			440			24
127	351	389	46		287			341			32
128	280	451	44		435			471			33
129	418	384	24		320			376			27
130	388	365	26		512			554			26
131	321	97	19		340			381			23
132	318	327	47		417			455			29
133	322	128	47		367			411			23
134	479	397	50		355			406			25
135	391	97	22		168			223			19
136	100	38	30		397			441			27
137	425	362	39		458			511			19
138	298	349	43		481			518			30
139	120	208	32		417			473			25
140	110	286	22		381			438			28
141	457	38	29		537			578			24
142	352	74	47		396			440			19
143	412	383	21		379			435			27
144	47	37	34		441			483			28
145	145	201	13		352			389			25
146	24	111	38		416			465			26
147	290	263	42		440			491			25
148	299	464	16		400			453			28
149	322	362	45		292			329			28
150	345	129	24		680			719			22
151	420	439	25		364			418			30
152	164	148	28		357			403			27
153	283	103	31		532			569			28
154	192	331	19		361			408			28
155	114	274	41		442			493			33
156	374	135	30		431			476			26
157	49	2	24		405			440			24
158	376	474	10		434			479			26
159	332	96	17		348			383			23
160	292	22	16		424			468			27
161	469	296	34		605			640			25
162	471	249	23		437			494			27
163	341	146	18		620			656			24
164	392	313	11		311			355			27
165	281	388	31		416			471			25
166	122	141	20		310			355			27
167	195	212	26		368			417			22
168	195	280	16		502			548			20
169	123	87	47		393			431			28
170	224	90	47		444			492			22
171	420	117	48		169			207			24
172	475	212	46		341			380			27
173	136	174	32		527			567			23
174	393	62	40		793			832			21
175	429	7	26		506			561			25
176	229	88	43		243			297			32
177	417	436	13		413			449			21
178	479	425	20		351			399			25
179	223	347	26		467			520			26
180	227	181	19		339			391			25
181	489	20	34		74			112			25
182	295	100	20		587			625			25
183	403	288	33		185			224			26
184	182	17	46		482			524			20
185	484	3	23		648			683			23
186	329	278	17		232			286			27
187	74	220	28		416			456			31
188	442	268	40		179			225			27
189	128	49	25		499			545			25
190	352	484	12		387			441			21
191	210	201	44		567			614			29
192	126	36	38		306			352			23
193	170	80	29		263			304			25
194	317	92	25		589			628			26
195	382	136	27		365			403			19
196	400	382	22		488			534			23
197	195	41	14		390			438			28
198	133	132	48		515			568			25
199	441	470	40		379			422			24
200	245	135	10		416			466			31
201	266	171	18		347			396			19
202	400	311	21		271			322			27
203	460	63	21		578			624			23
204	260	456	17		407			449			26
205	363	262	30		640			675			27
206	491	304	37		334			382			23
207	125	220	12		475			519			26
208	491	57	10		284			319			24
209	381	310	24		533			572			30
210	130	281	22		431			483			27
211	116	34	15		386			443			24
212	456	198	19		700			749			29
213	339	128	12		328			363			26
214	467	58	43		120			163			27
215	255	155	17		310			352			24
216	225	1	19		394			438			25
217	309	35	39		693			740			25
218	446	228	40		585			632			28
219	253	365	28		479			520			25
220	307	475	40		408			447			25
221	92	160	16		346			393			31
222	87	254	43		386			436			24
223	138	225	14		318			369			25
224	202	425	29		404			457			25
225	41	32	38		421			472			22
226	250	237	19		257			301			30
227	25	4	23		397			453			20
228	98	200	12		344			380			30
229	128	280	31		420			476			26
230	430	44	44		606			646			28
231	195	221	36		533			571			28
232	183	254	23		435			471			24
233	270	230	46		457			494			26
234	376	178	17		707			753			27
235	496	45	10		496			544			21
236	454	224	37		279			316			20
237	475	411	38		308			354			27
238	365	42	44		611			659			24
239	198	37	34		221			267			26
240	106	223	25		393			449			20
241	239	37	44		531			588			23
242	415	387	31		310			364			23
243	90	70	14		363			401			25
244	430	185	47		512			563			28
245	396	109	19		325			374			28
246	390	8	31		692			731			23
247	142	70	33		522			559			19
248	84	188	38		414			468			22
249	248	427	46		383			436			23
250	349	154	19		110			149			25
251	331	162	24		587			640			29
252	376	47	39		642			691			23
253	409	67	11		606			653			29
254	393	179	10		432			476			31
255	274	419	48		422			467			28
256	234	431	45		419			461			25
257	371	486	43		407			451			25
258	268	419	18		411			465			22
259	339	396	39		399			450			27
260	150	267	36		334			390			28
261	223	320	17		413			459			31
262	357	122	50		678			720			27
263	270	215	35		360			396			27
264	157	161	25		508			561			28
265	227	24	26		371			416			25
266	168	376	39		426			464			26
267	323	418	29		395			430			22
268	469	339	46		498			537			29
269	279	413	24		384			437			25
270	221	389	20		440			484			26
271	456	231	39		300			351			28
272	91	70	33		319			376			20
273	197	42	39		373			427			28
274	380	307	20		214			249			24
275	494	451	36		417			473			26
276	305	31	11		418			456			25
277	385	311	37		565			617			23
278	445	406	19		476			525			26
279	32	15	22		391			435			26
280	125	56	48		510			557			25
281	44	34	40		392			440			23
average service time: 25.437722 - average time window width: 45.619217 - average demand: 30.010676
