Inst166_LNS_Random.txt
runtime: 1645.630879
	VEHICLE
	NUMBER		CAPACITY
	381			150

CUSTOMERS
CUST ID	 XCOORD	 YCOORD	 DEMAND	 START TIME WINDOW	 END TIME WINDOW	 SERVICE TIME

0	131	421	0		0			900			0
1	214	20	27		407			446			34
2	372	453	35		495			545			44
3	270	89	11		420			477			32
4	249	465	14		444			498			42
5	22	33	42		405			451			34
6	352	450	34		233			271			38
7	3	497	42		483			513			36
8	311	332	50		193			245			38
9	421	469	42		464			498			36
10	122	406	15		147			222			35
11	214	379	37		350			399			36
12	213	257	16		550			617			42
13	392	256	14		390			421			46
14	274	459	10		454			475			37
15	486	310	35		396			425			42
16	235	180	31		297			350			36
17	219	367	11		489			556			36
18	323	153	35		379			444			31
19	51	212	34		298			324			41
20	201	291	21		343			399			33
21	309	359	46		569			644			39
22	213	471	24		82			132			43
23	100	479	35		397			448			44
24	466	226	45		373			428			43
25	286	43	39		385			440			43
26	27	434	35		580			619			36
27	312	278	13		452			522			47
28	46	425	40		607			657			34
29	227	211	29		290			350			40
30	175	464	40		491			566			39
31	96	294	47		571			613			37
32	276	279	24		209			231			35
33	418	305	18		458			527			38
34	13	303	11		195			233			37
35	242	87	26		409			464			41
36	67	453	25		472			492			38
37	456	310	19		479			502			33
38	72	139	49		339			363			40
39	226	281	18		395			444			37
40	450	241	26		348			401			41
41	198	182	43		488			550			31
42	50	38	26		391			412			36
43	89	320	21		618			693			37
44	51	139	18		320			352			43
45	135	378	25		291			321			41
46	24	62	38		355			395			36
47	202	89	15		432			485			40
48	357	190	34		400			450			36
49	29	450	27		678			709			40
50	108	144	22		438			508			38
51	117	94	32		357			401			37
52	35	274	27		333			402			42
53	463	246	41		357			417			42
54	490	380	18		451			481			43
55	310	239	32		268			325			44
56	436	247	50		459			482			35
57	226	416	27		442			497			43
58	274	175	26		402			434			33
59	136	293	39		375			418			39
60	150	128	11		479			531			38
61	323	290	39		230			262			41
62	211	182	28		380			403			38
63	306	364	39		451			471			39
64	446	464	38		342			385			46
65	14	441	27		656			688			36
66	398	315	23		411			468			35
67	157	345	13		231			295			36
68	213	417	21		84			112			43
69	59	382	27		642			676			31
70	52	115	25		354			379			42
71	145	250	35		364			416			36
72	465	309	35		458			493			40
73	186	146	18		458			519			37
74	5	250	35		448			491			45
75	257	471	19		396			462			37
76	287	284	32		302			367			42
77	287	237	38		307			335			36
78	256	86	11		368			397			39
79	123	172	45		302			326			44
80	263	313	23		580			622			32
81	369	361	40		278			298			38
82	345	441	28		494			540			40
83	455	190	16		391			414			44
84	378	151	45		368			420			40
85	78	374	27		160			198			44
86	378	340	29		448			491			41
87	118	408	19		728			789			37
88	466	406	34		487			528			36
89	207	400	47		488			555			32
90	140	371	35		232			304			36
91	291	142	42		445			512			30
92	0	282	27		273			345			43
93	361	326	43		447			472			42
94	319	314	12		525			578			33
95	115	375	31		313			333			35
96	308	112	14		446			504			35
97	15	258	30		499			522			35
98	395	202	19		384			419			32
99	417	238	49		385			447			41
100	70	247	50		216			242			41
101	238	437	20		633			662			35
102	341	186	18		401			444			35
103	68	57	29		388			452			39
104	481	257	27		408			446			41
105	453	325	13		368			406			38
106	113	62	13		436			497			42
107	73	153	11		281			333			34
108	434	307	47		407			474			36
109	68	30	42		437			465			37
110	21	399	42		457			517			46
111	399	367	39		416			489			40
112	132	248	48		177			250			34
113	295	233	12		362			384			39
114	197	276	48		374			414			40
115	190	129	20		446			481			36
116	322	159	31		469			534			37
117	246	169	25		441			509			46
118	308	421	38		225			269			37
119	472	280	48		393			429			44
120	295	458	27		285			308			39
121	352	92	10		389			414			38
122	175	83	46		485			510			43
123	75	479	43		483			531			38
124	277	391	21		218			270			37
125	458	361	42		427			502			39
126	161	433	18		132			161			34
127	266	266	43		514			585			38
128	295	133	14		415			486			37
129	44	346	46		125			195			38
130	224	392	40		398			461			43
131	349	295	46		286			350			42
132	485	292	28		409			470			40
133	285	374	34		575			635			30
134	225	75	50		394			467			31
135	432	194	18		366			418			42
136	272	209	18		522			589			33
137	210	434	40		82			150			42
138	88	373	43		715			749			41
139	156	384	36		256			296			40
140	293	365	43		283			347			40
141	374	144	33		369			409			39
142	86	410	24		125			176			35
143	174	24	44		404			436			41
144	111	489	17		299			370			35
145	448	320	34		399			419			40
146	410	387	35		292			342			38
147	111	160	40		275			321			45
148	228	368	39		348			407			35
149	30	136	45		292			332			32
150	117	95	38		434			477			36
151	326	132	47		343			366			40
152	399	358	18		422			490			35
153	25	279	44		515			535			38
154	147	480	24		234			259			41
155	11	245	31		443			518			42
156	143	89	35		370			442			37
157	62	326	48		236			278			36
158	69	377	18		539			593			42
159	342	294	44		414			465			44
160	0	268	43		341			403			33
161	155	428	48		16			63			37
162	149	428	19		764			826			46
163	311	397	19		338			410			45
164	135	327	14		650			722			41
165	145	404	20		434			506			41
166	176	333	22		487			537			47
167	230	234	21		418			481			39
168	138	329	12		638			710			35
169	378	484	20		330			382			39
170	300	395	34		225			262			35
171	371	443	34		311			343			39
172	220	473	23		115			135			37
173	242	285	49		461			495			35
174	14	270	34		545			577			36
175	42	384	32		151			181			43
176	315	406	35		515			548			38
177	386	169	36		421			460			43
178	26	437	31		516			541			35
179	39	258	10		579			633			37
180	112	140	17		261			319			40
181	232	39	45		391			452			34
182	422	329	41		476			545			33
183	258	84	37		353			424			41
184	329	434	44		426			446			37
185	407	304	27		308			357			37
186	71	32	47		388			431			36
187	400	238	36		376			397			42
188	61	189	34		275			345			37
189	395	489	35		502			535			35
190	378	478	27		430			454			34
191	300	305	44		454			504			34
192	242	487	27		408			436			41
193	304	179	27		429			488			37
194	494	273	50		388			408			38
195	398	349	40		271			292			36
196	471	367	13		364			432			39
197	71	331	34		260			318			30
198	5	197	43		330			374			36
199	137	306	35		124			199			39
200	462	258	35		440			496			31
201	87	242	12		457			514			42
202	12	451	13		471			523			39
203	384	365	14		255			317			36
204	408	444	33		353			380			35
205	471	493	39		445			491			40
206	194	335	26		673			707			44
207	314	458	31		341			378			32
208	80	328	48		103			148			33
209	41	482	20		637			709			39
210	427	376	38		494			529			35
211	319	165	25		462			485			32
212	316	126	14		410			474			37
213	467	445	35		405			476			42
214	84	43	29		414			471			30
215	165	115	32		398			457			40
216	248	280	30		217			262			43
217	220	332	39		551			617			44
218	327	313	14		376			411			36
219	366	288	36		453			481			42
220	13	488	11		222			294			42
221	374	156	29		346			407			36
222	218	271	26		248			275			40
223	234	296	18		548			591			37
224	234	282	28		167			193			33
225	83	331	44		391			449			31
226	340	265	45		290			329			36
227	258	377	26		138			209			43
228	59	325	21		439			496			37
229	185	97	42		423			464			38
230	100	332	49		603			676			36
231	366	256	28		362			427			38
232	78	234	21		602			663			33
233	397	358	20		341			410			38
234	243	278	16		362			419			40
235	11	408	25		674			731			39
236	238	258	45		342			367			36
237	7	143	37		299			338			37
238	193	157	16		373			439			43
239	392	300	25		320			351			35
240	321	242	27		352			419			44
241	459	312	37		380			425			37
242	86	94	50		441			494			40
243	448	359	47		410			447			33
244	116	49	46		346			418			32
245	42	174	46		530			585			33
246	90	410	12		209			278			36
247	369	352	42		485			536			31
248	236	164	37		516			574			34
249	234	141	44		295			325			43
250	61	457	27		462			534			42
251	117	232	28		537			572			34
252	456	308	23		431			458			39
253	101	405	14		644			708			39
254	91	442	12		420			479			43
255	55	175	20		283			350			42
256	49	197	20		230			252			40
257	326	310	26		471			496			31
258	380	93	14		407			431			36
259	428	283	16		412			482			36
260	164	18	44		398			446			41
261	261	200	46		529			568			39
262	441	310	46		427			488			38
263	161	173	23		512			571			41
264	293	201	47		304			326			43
265	472	234	23		375			422			44
266	10	95	24		372			415			43
267	212	91	31		412			476			36
268	265	91	47		423			448			41
269	78	384	46		674			736			37
270	214	248	20		261			329			42
271	111	490	47		246			317			36
272	450	320	48		364			438			35
273	383	446	27		409			433			38
274	66	344	31		330			367			40
275	242	184	13		461			517			43
276	81	41	45		398			440			38
277	270	215	48		260			290			43
278	151	200	41		256			305			32
279	230	208	35		455			495			38
280	34	319	19		491			559			34
281	353	344	15		298			329			37
282	165	42	43		441			474			31
283	219	284	13		661			691			37
284	209	356	35		448			491			38
285	244	47	42		363			434			40
286	225	338	20		636			678			41
287	10	252	46		432			482			36
288	268	118	42		392			458			37
289	213	377	34		500			533			42
290	291	187	17		488			521			38
291	146	451	33		48			110			35
292	78	316	25		605			628			37
293	146	451	33		223			281			38
294	466	360	34		449			492			39
295	383	114	33		384			419			44
296	239	330	39		609			681			39
297	195	389	24		606			635			44
298	287	304	34		510			568			34
299	106	239	34		364			415			39
300	138	267	34		606			639			39
301	40	429	34		340			361			39
302	467	464	32		430			463			44
303	284	135	39		409			477			40
304	401	209	33		338			384			33
305	274	477	18		169			244			40
306	179	91	25		421			468			38
307	167	175	25		241			302			41
308	377	217	13		482			535			39
309	446	327	27		417			482			41
310	461	475	42		434			500			41
311	170	357	44		728			782			37
312	170	102	25		367			432			37
313	448	274	44		326			374			38
314	173	196	35		327			386			39
315	0	254	40		286			329			44
316	241	203	20		222			295			36
317	228	89	11		387			454			41
318	231	267	28		373			405			37
319	317	60	33		393			440			38
320	131	479	22		342			405			34
321	302	237	39		247			302			33
322	43	92	11		410			465			41
323	110	71	18		350			412			31
324	220	255	20		263			298			38
325	427	411	43		399			463			41
326	485	359	50		484			506			31
327	406	265	39		394			448			36
328	22	175	46		313			350			38
329	264	484	17		346			404			33
330	359	390	29		219			272			38
331	117	224	29		375			435			39
332	278	132	45		432			497			29
333	241	162	22		437			480			40
334	234	80	50		381			439			38
335	255	435	44		598			641			38
336	39	379	15		229			302			32
337	378	496	18		323			364			38
338	213	41	35		411			466			45
339	337	350	30		537			579			35
340	122	364	46		401			445			42
341	16	71	28		339			397			40
342	82	340	42		147			167			41
343	140	426	11		124			172			32
344	89	149	40		275			335			42
345	227	186	37		272			344			45
346	229	97	10		342			394			42
347	8	94	44		380			442			37
348	500	469	32		436			461			37
349	429	198	37		415			460			35
350	330	158	45		434			460			39
351	78	177	31		554			592			38
352	362	223	44		464			512			35
353	31	22	34		385			443			42
354	184	287	50		655			714			41
355	90	381	23		583			614			39
356	183	127	44		426			496			38
357	54	130	46		451			487			45
358	90	210	38		395			434			36
359	336	445	34		492			521			41
360	208	499	36		123			164			39
361	475	331	49		333			377			30
362	48	231	13		502			577			39
363	491	335	19		411			486			40
364	234	388	40		286			321			38
365	241	256	28		448			512			43
366	42	187	16		436			505			35
367	297	54	34		397			420			45
368	328	458	23		547			580			39
369	59	310	39		620			671			43
370	492	464	50		386			448			31
371	412	474	41		433			482			39
372	256	347	28		372			424			43
373	41	228	15		458			480			35
374	277	372	19		348			406			41
375	237	107	17		354			408			37
376	341	106	27		352			413			38
377	272	176	36		471			507			34
378	262	337	17		465			538			39
379	447	456	48		310			381			39
380	275	273	22		306			351			32
381	255	49	21		376			425			40
average service time: 38.204724 - average time window width: 48.461942 - average demand: 30.937008
