Inst118_LNS_Random.txt
runtime: 815.092167
	VEHICLE
	NUMBER		CAPACITY
	300			150

CUSTOMERS
CUST ID	 XCOORD	 YCOORD	 DEMAND	 START TIME WINDOW	 END TIME WINDOW	 SERVICE TIME

0	329	3	0		0			900			0
1	316	158	40		247			294			29
2	226	84	13		637			683			30
3	440	206	45		528			574			30
4	393	3	28		116			165			29
5	124	252	45		435			486			29
6	486	345	17		444			491			29
7	113	249	12		472			522			29
8	262	289	44		471			520			29
9	162	155	36		419			468			29
10	360	227	42		441			487			29
11	407	284	45		284			332			29
12	478	196	42		442			489			29
13	378	396	48		398			447			29
14	227	350	29		407			456			30
15	165	210	28		307			357			29
16	342	42	39		223			274			29
17	376	275	48		297			344			29
18	224	80	46		513			563			29
19	267	333	15		380			426			29
20	496	381	41		403			450			29
21	194	348	14		372			419			29
22	352	314	22		304			350			29
23	210	280	32		407			458			30
24	212	7	31		678			725			29
25	446	157	36		346			395			29
26	126	366	19		392			438			29
27	378	156	18		575			624			30
28	481	11	17		367			417			30
29	301	109	41		127			173			29
30	206	188	30		285			335			29
31	103	0	26		559			607			30
32	448	153	45		600			646			29
33	313	300	49		452			500			29
34	321	173	37		548			595			29
35	205	36	11		579			627			28
36	114	271	26		471			520			29
37	478	316	41		412			463			29
38	278	98	46		330			377			30
39	99	63	18		444			490			29
40	396	1	17		307			354			29
41	435	170	14		199			247			30
42	10	219	19		368			416			29
43	199	92	19		514			563			29
44	468	297	13		451			500			29
45	337	159	28		360			408			29
46	477	187	47		578			629			29
47	318	61	42		378			426			29
48	360	77	29		221			270			29
49	136	336	36		422			473			29
50	42	101	21		366			412			30
51	182	245	12		382			432			29
52	273	295	43		360			406			29
53	232	132	25		287			337			29
54	342	294	19		440			489			30
55	255	75	25		651			702			30
56	417	125	15		439			489			29
57	32	181	19		344			390			29
58	246	346	43		430			478			29
59	390	134	39		497			548			29
60	284	229	25		263			312			29
61	259	184	31		505			556			29
62	350	340	16		333			382			30
63	271	44	48		359			409			29
64	152	278	42		459			505			30
65	317	116	37		259			310			29
66	186	155	12		402			449			29
67	377	292	30		455			502			29
68	500	84	29		422			471			30
69	230	238	49		524			570			29
70	329	73	10		563			611			29
71	187	138	21		348			395			29
72	252	160	15		209			256			30
73	385	266	44		455			503			29
74	430	411	18		403			450			29
75	353	348	11		436			482			29
76	264	249	29		376			427			30
77	55	43	25		454			501			29
78	395	42	46		269			316			29
79	124	240	23		386			437			29
80	202	124	24		274			321			29
81	286	6	48		331			380			29
82	211	51	43		656			704			29
83	499	108	27		185			231			29
84	371	31	40		491			541			29
85	145	131	22		416			464			29
86	471	194	28		383			429			29
87	331	316	29		395			444			29
88	419	336	38		462			513			29
89	451	139	50		572			622			29
90	178	355	18		380			428			30
91	438	193	45		199			247			29
92	420	161	39		365			414			30
93	88	203	18		302			353			29
94	365	47	43		428			474			30
95	478	340	42		358			409			29
96	6	111	23		361			408			29
97	186	295	48		395			446			29
98	479	337	11		385			431			29
99	121	133	32		260			309			29
100	12	68	22		330			376			30
101	123	86	47		512			560			30
102	102	164	49		421			468			29
103	363	183	20		320			370			29
104	223	311	38		390			439			29
105	162	291	24		477			525			29
106	201	340	17		433			479			29
107	212	355	42		373			419			30
108	279	157	36		202			250			30
109	316	74	22		432			478			30
110	50	253	21		435			483			29
111	39	220	45		457			504			29
112	313	192	48		193			239			29
113	117	91	35		309			355			29
114	343	160	46		554			605			29
115	239	58	15		285			333			29
116	355	324	50		394			441			29
117	480	147	16		273			324			29
118	138	155	27		432			482			30
119	26	147	12		332			383			29
120	173	278	14		371			421			29
121	88	64	43		367			417			29
122	360	53	41		681			727			29
123	252	323	19		427			476			29
124	306	379	16		398			449			30
125	21	109	30		488			534			29
126	30	202	27		343			392			29
127	271	111	15		499			547			29
128	175	250	40		290			339			29
129	406	0	16		514			565			29
130	103	182	13		291			337			29
131	282	335	28		339			389			29
132	47	289	13		399			449			29
133	194	111	11		149			196			29
134	209	306	50		426			474			29
135	68	221	40		331			379			29
136	89	317	13		385			433			30
137	323	47	36		511			558			29
138	78	162	42		395			445			29
139	459	18	23		318			368			29
140	276	61	43		319			369			29
141	131	339	48		368			418			29
142	392	14	21		314			364			30
143	400	382	36		422			471			29
144	271	179	13		378			426			29
145	461	310	13		404			451			29
146	490	330	38		413			459			30
147	221	86	46		265			315			29
148	306	302	16		288			335			29
149	414	141	25		558			609			29
150	299	67	37		721			771			29
151	197	304	35		303			354			29
152	218	328	40		416			467			29
153	355	10	11		168			215			29
154	233	77	12		374			425			29
155	206	75	29		303			352			29
156	228	95	10		422			470			29
157	131	206	26		514			560			29
158	246	354	24		361			411			29
159	122	349	30		408			456			29
160	412	214	15		505			556			29
161	490	282	45		383			434			29
162	379	110	27		197			247			29
163	176	319	36		386			437			29
164	74	192	23		398			445			30
165	443	250	15		336			387			29
166	346	47	48		492			542			29
167	213	42	36		201			251			29
168	412	24	15		66			112			29
169	216	321	33		313			361			30
170	177	322	46		434			480			29
171	326	142	41		165			214			30
172	393	384	34		390			438			30
173	81	272	37		409			460			29
174	365	336	38		309			360			29
175	84	187	26		497			544			29
176	348	115	28		217			266			29
177	357	152	31		625			672			29
178	396	229	33		456			502			29
179	60	260	39		438			484			30
180	336	301	39		424			475			29
181	208	31	16		420			467			30
182	354	208	20		477			525			29
183	230	143	32		149			199			29
184	103	52	37		411			459			29
185	432	50	17		464			510			29
186	233	259	33		381			430			29
187	216	246	30		350			398			29
188	35	201	19		350			400			30
189	196	145	49		613			660			29
190	435	245	27		464			513			30
191	176	68	30		291			339			29
192	78	327	10		386			434			29
193	178	260	40		422			469			29
194	431	401	20		387			434			30
195	56	241	10		446			496			29
196	318	364	11		409			460			29
197	5	163	11		396			443			29
198	449	128	36		447			496			30
199	116	89	14		399			448			30
200	166	267	33		304			351			29
201	198	124	29		533			580			29
202	250	199	16		275			321			29
203	280	395	35		427			473			30
204	389	75	20		538			586			29
205	483	190	18		359			407			29
206	179	174	15		339			387			29
207	406	155	47		629			679			29
208	285	407	20		400			449			29
209	79	21	48		491			537			30
210	307	16	32		211			262			29
211	96	172	26		501			551			29
212	407	225	16		482			529			30
213	278	251	17		560			609			29
214	196	95	16		140			187			29
215	94	225	40		301			348			29
216	240	169	48		291			342			30
217	387	50	40		440			486			30
218	182	9	17		647			697			29
219	157	213	29		536			585			29
220	487	19	21		650			698			29
221	475	157	33		511			562			29
222	85	325	24		401			448			29
223	229	327	36		466			515			29
224	388	397	19		393			440			29
225	294	418	43		392			442			29
226	338	54	33		607			657			29
227	337	380	47		356			402			29
228	499	131	26		514			561			30
229	298	159	40		483			529			29
230	304	16	48		673			720			29
231	291	318	38		384			432			29
232	233	170	23		280			331			30
233	450	202	35		399			446			29
234	250	320	10		341			388			30
235	246	373	37		435			486			30
236	66	131	16		317			365			29
237	209	371	18		375			423			29
238	489	326	35		341			387			29
239	237	181	44		356			403			29
240	247	67	29		459			506			30
241	499	182	48		473			523			29
242	248	196	15		503			551			29
243	126	301	15		464			510			29
244	26	154	22		419			469			29
245	286	91	26		644			695			29
246	484	159	49		385			431			29
247	255	113	37		323			373			29
248	186	38	12		183			229			28
249	313	287	33		273			319			29
250	53	177	40		429			478			30
251	418	197	40		538			588			29
252	451	3	26		324			373			30
253	175	284	47		400			448			30
254	472	154	28		293			344			29
255	100	86	34		413			460			29
256	42	284	23		396			444			30
257	110	175	11		531			578			29
258	131	152	42		358			408			30
259	205	279	31		361			409			29
260	255	404	22		413			459			29
261	445	244	40		292			340			29
262	270	0	37		220			270			30
263	248	330	26		355			402			29
264	347	395	20		421			471			29
265	160	235	18		319			365			29
266	235	313	38		371			420			29
267	229	198	42		541			589			29
268	106	124	30		441			487			29
269	310	75	21		261			311			29
270	302	159	22		572			620			29
271	265	216	24		472			523			29
272	46	138	44		502			551			29
273	151	87	40		225			275			29
274	310	268	22		269			317			29
275	194	262	22		527			578			28
276	473	42	31		127			176			30
277	452	294	42		486			532			30
278	57	252	37		364			412			29
279	113	85	47		455			506			29
280	382	199	13		351			402			29
281	180	257	40		283			332			29
282	423	267	35		395			445			30
283	53	237	28		417			468			29
284	316	282	46		491			537			29
285	492	240	24		445			493			29
286	148	26	43		577			623			29
287	359	263	38		247			298			29
288	84	146	14		300			346			29
289	282	375	36		443			492			29
290	288	152	42		318			365			29
291	481	360	14		389			440			29
292	403	392	49		403			449			29
293	365	383	28		402			450			29
294	344	49	13		774			820			29
295	224	230	28		318			366			29
296	223	374	10		360			411			29
297	320	15	28		446			494			29
298	496	301	44		446			496			30
299	429	251	20		487			533			29
300	70	305	47		386			436			29
average service time: 29.193333 - average time window width: 48.393333 - average demand: 29.796667
